1,[0.41393529 0.51324649 0.39462935 0.25576325 0.46514032 0.46888259
 0.45020363 0.5253371  0.53009952 0.47496794 0.34244635 0.55197464
 0.47532737 0.53028773 0.43508129 0.47925987 0.45248699 0.36098734
 0.51643009 0.42953957 0.4280401  0.53468366 0.42327003 0.53903967
 0.47907874 0.42576514 0.55627914 0.55586711 0.49551357 0.55845276
 0.43892759 0.49684285 0.43621175 0.45314116 0.72450929 0.53205248
 0.4837982  0.38329479 0.42881214 0.48491127 0.50520926 0.46408958
 0.55562674 0.61316865 0.51671475 0.43841498 0.34655984 0.4972822
 0.52101635 0.51755482 0.54802259 0.69437459 0.57561121 0.45521296
 0.30568935 0.51186828 0.49008773],[2, 39.677494921365074, 20.832558818741308, 39.63877819697332, 20.844439735132095, nan, nan, 2, 2, 1, 1, 2, 1, 2, 1, 1, 1, 1, 2, 1, 1, 2, 1, 2, 1, 1, 2, 2, 1, 2, 1, 1, 1, 1, 2, 2, 1, 1, 1, 1, 2, 1, 2, 2, 2, 1, 1, 1, 2, 2, 2, 2, 2, 1, 1, 2, 1]
2,[0.41436498 0.37196413 0.44223583 0.64066921 0.27804208 0.45646021
 0.44620022 0.40871004 0.44913729 0.43835338 0.54197851 0.4090795
 0.59396877 0.37207928 0.29013118 0.51820154 0.47182098 0.5153663
 0.46432766 0.59743238 0.48292856 0.47280026 0.62042509 0.39069497
 0.32743713 0.5151991  0.46571104 0.5017332  0.43517402 0.35053734
 0.49675499 0.42856054 0.59523404 0.69492493 0.45754452 0.48933481
 0.4842822  0.41333029 0.48572693 0.46731187 0.61729705 0.52909996
 0.54652853 0.47824294 0.4016497  0.30413913 0.36661815 0.4225053
 0.47108933 0.40380884 0.46737531 0.41554859 0.52622356 0.59946245
 0.42342168 0.65417584 0.6346933 ],[2, 39.65625085901786, 20.840580387787636, 39.69665496713029, 20.81291416679901, nan, nan, 1, 1, 1, 2, 1, 2, 1, 1, 2, 1, 2, 1, 2, 1, 1, 2, 1, 1, 2, 1, 2, 1, 1, 1, 1, 2, 2, 1, 1, 1, 1, 1, 1, 2, 2, 2, 1, 1, 1, 1, 1, 1, 1, 1, 1, 2, 2, 1, 2, 2]
3,[0.51689146 0.36761216 0.32727216 0.48021242 0.46860615 0.48803456
 0.38634468 0.47763801 0.44515204 0.5105021  0.52630584 0.56765568
 0.49288766 0.37971557 0.40487446 0.49271932 0.49306927 0.50294375
 0.60109332 0.60167165 0.56689416 0.50139434 0.50018496 0.42567371
 0.50460689 0.45277339 0.44450761 0.47055029 0.4341169  0.53916857
 0.48953823 0.50796098 0.55244304 0.53093234 0.60413359 0.5467968
 0.44686069 0.52496543 0.59333165 0.56035278 0.52341727 0.50704223
 0.43031449 0.47382679 0.50562507 0.57560255 0.46018649 0.55424674
 0.45685568 0.39026908 0.47299933 0.63242467 0.55840233 0.59830651
 0.53615586 0.43200153 0.44366905],[2, 39.655596470518475, 20.821209308118927, 39.6725277210721, 20.84502371807883, nan, nan, 1, 1, 2, 2, 2, 1, 1, 1, 1, 1, 2, 2, 2, 2, 2, 2, 1, 2, 1, 1, 1, 1, 2, 1, 2, 2, 2, 2, 2, 1, 2, 2, 2, 2, 2, 1, 1, 2, 2, 1, 2, 1, 1, 1, 2, 2, 2, 2, 1, 1]
4,[0.55065683 0.31210093 0.46969979 0.56545524 0.36098221 0.47920624
 0.54958952 0.40482634 0.42009345 0.447973   0.51810882 0.47851793
 0.56689845 0.38942697 0.5994546  0.56076069 0.46439741 0.50676309
 0.54258271 0.59002292 0.5131578  0.45333847 0.56164031 0.48549934
 0.34152231 0.61011431 0.42874043 0.38456607 0.4603898  0.53482367
 0.454936   0.57839071 0.5031641  0.48792185 0.36812481 0.45360182
 0.32406722 0.514697   0.62857308 0.4676772  0.50688705 0.56343686
 0.6144595  0.44192385 0.48440985 0.48521001 0.50266298 0.54362158
 0.54434019 0.49483732 0.44021517 0.4481215  0.57563133 0.50119252
 0.52364117 0.53519408 0.57814311],[2, 39.647249468018344, 20.845207992603733, 39.68534534326703, 20.826889364655898, nan, nan, 1, 1, 1, 2, 1, 2, 1, 2, 2, 1, 2, 2, 2, 2, 1, 2, 1, 1, 2, 1, 1, 1, 2, 1, 2, 2, 1, 1, 1, 1, 2, 2, 1, 2, 2, 2, 1, 1, 1, 2, 2, 2, 1, 1, 1, 2, 2, 2, 2, 2]
5,[0.5208025  0.22399965 0.48978979 0.5408736  0.37812405 0.40496299
 0.50168694 0.45969463 0.51091801 0.38863837 0.55092691 0.471809
 0.53203095 0.35903618 0.55387717 0.61503506 0.45615605 0.6092847
 0.54387787 0.54495114 0.6009247  0.37649893 0.42878129 0.54652175
 0.4385221  0.54560021 0.484064   0.45992503 0.39053925 0.62264045
 0.37257687 0.62161595 0.57490369 0.6715655  0.47679139 0.39902145
 0.54830984 0.5400995  0.53413796 0.56256267 0.64742275 0.52826738
 0.58802059 0.50974322 0.4379267  0.5275323  0.58118859 0.49715186
 0.66666221 0.46160144 0.47568889 0.51100465 0.52553661 0.52720195
 0.55411316 0.51953196 0.58970781],[2, 39.6340020306371, 20.84859310693133, 39.68164910000092, 20.829777718615315, nan, nan, 1, 2, 1, 2, 1, 2, 1, 2, 2, 1, 2, 2, 2, 2, 1, 1, 2, 1, 2, 1, 1, 1, 2, 1, 2, 2, 2, 1, 1, 2, 2, 2, 2, 2, 2, 2, 2, 1, 2, 2, 1, 2, 1, 1, 2, 2, 2, 2, 2, 2]
6,[0.50136666 0.38215203 0.30313636 0.44592786 0.50130759 0.4799908
 0.53712449 0.4037127  0.38479479 0.51904712 0.58050172 0.56969263
 0.47546612 0.53834058 0.37356391 0.39724135 0.47836357 0.58352467
 0.59788445 0.58024043 0.61210902 0.57409938 0.55787713 0.42267458
 0.52609127 0.46723115 0.38872668 0.49724742 0.47533174 0.55107531
 0.62549623 0.57402412 0.64536489 0.57716474 0.59392175 0.40477689
 0.48401808 0.58125153 0.51292503 0.41232775 0.35547557 0.45849181
 0.50560491 0.60527258 0.45092049 0.55184831 0.47655583 0.60514849
 0.61864314 0.5467962  0.48842711 0.50998168 0.32762893 0.48850719
 0.52356359 0.4739641  0.59851579],[2, 39.657782771805415, 20.817142488659194, 39.6673724887394, 20.850533824809347, nan, nan, 1, 1, 2, 2, 2, 1, 2, 1, 1, 1, 2, 2, 2, 2, 2, 2, 1, 2, 1, 1, 1, 1, 2, 2, 2, 2, 2, 2, 1, 1, 2, 2, 1, 1, 1, 2, 2, 1, 2, 1, 2, 2, 2, 1, 2, 1, 1, 2, 1, 2]
7,[0.55089212 0.3802241  0.46219078 0.61901688 0.28930768 0.65474962
 0.47474896 0.40953949 0.47601082 0.53764597 0.51577256 0.3951678
 0.58864214 0.47745767 0.57221344 0.49993048 0.37520953 0.61048343
 0.39067064 0.49913818 0.46362033 0.50720156 0.36671962 0.42125655
 0.36049141 0.54282445 0.4785505  0.35908545 0.35313352 0.49149645
 0.49294971 0.49489638 0.52387528 0.48934647 0.45988032 0.40462378
 0.42202802 0.5574262  0.49097978 0.61426114 0.66467304 0.58052486
 0.56778156 0.34686261 0.50651007 0.4230183  0.48362207 0.41462279
 0.50495889 0.44916805 0.51727988 0.45659592 0.57601363 0.49391211
 0.35735648 0.58973935 0.4362021 ],[2, 39.657492876592364, 20.84394274426293, 39.69339919210513, 20.81481239213471, nan, nan, 1, 1, 2, 2, 1, 2, 1, 2, 1, 1, 2, 1, 1, 1, 2, 1, 1, 1, 2, 1, 1, 1, 1, 1, 1, 2, 1, 1, 1, 1, 2, 1, 2, 2, 2, 2, 1, 2, 1, 1, 1, 2, 1, 2, 1, 2, 1, 1, 2, 1]
8,[0.56609023 0.52635837 0.41905202 0.2984938  0.3814218  0.59699961
 0.54300179 0.55791977 0.63400422 0.63564233 0.37397946 0.49682377
 0.61331781 0.54249702 0.46032142 0.53313753 0.57053727 0.37348666
 0.41843193 0.37252159 0.36742616 0.69218543 0.49482341 0.29824612
 0.43916333 0.39133742 0.52808521 0.50189409 0.52383158 0.54116158
 0.47500856 0.46317247 0.4930799  0.48745913 0.44871179 0.50323533
 0.51811645 0.44337827 0.6096608  0.52172575 0.37916022 0.43865787
 0.3000536  0.58701803 0.54530346 0.38259023 0.72394087 0.63578889
 0.5342343  0.53288183 0.55203645 0.56208693 0.5120742  0.37660926
 0.49094015 0.60888488 0.30480999],[2, 39.67946650206353, 20.83667397593941, 39.64520341853588, 20.830333381654455, nan, nan, 2, 2, 2, 1, 1, 2, 2, 1, 2, 2, 1, 1, 1, 1, 2, 1, 1, 1, 1, 2, 2, 2, 2, 1, 1, 1, 1, 1, 2, 2, 1, 2, 2, 1, 1, 1, 2, 2, 1, 2, 2, 2, 2, 2, 2, 2, 1, 1, 2, 1]
9,[0.45330701 0.51985272 0.40553167 0.18610275 0.49316177 0.6316776
 0.64200462 0.50753232 0.60821946 0.50806111 0.4844465  0.64228943
 0.44503989 0.55313564 0.4353887  0.46404853 0.40185739 0.4677872
 0.48068716 0.43449679 0.46828416 0.58313886 0.47821003 0.48188123
 0.39154118 0.37475371 0.51678339 0.61111812 0.55164678 0.38985556
 0.39400402 0.45642563 0.43254931 0.59180863 0.51380765 0.52545837
 0.57505302 0.43225342 0.3973699  0.2840307  0.41661315 0.43958575
 0.40462748 0.58055597 0.45866793 0.41206176 0.5760745  0.45556549
 0.51825973 0.59315439 0.44357558 0.6126858  0.40704223 0.36209106
 0.42016849 0.35536159 0.50225228],[2, 39.67848827462343, 20.834395831777137, 39.628303626002115, 20.8491612764064, nan, nan, 2, 2, 2, 1, 2, 1, 2, 1, 1, 1, 1, 1, 1, 1, 2, 1, 1, 1, 1, 2, 2, 2, 1, 1, 1, 1, 2, 2, 2, 2, 1, 1, 1, 1, 1, 1, 2, 1, 1, 2, 1, 2, 2, 1, 2, 1, 1, 1, 1, 2]
10,[0.45796881 0.52082672 0.42717746 0.24279338 0.47917353 0.63321192
 0.5915261  0.64635543 0.57441313 0.51083672 0.32822502 0.54376942
 0.49185892 0.54569303 0.49869481 0.51311363 0.5234205  0.61750375
 0.37889831 0.48601308 0.46919108 0.52652838 0.43696522 0.5495348
 0.33248141 0.3192607  0.54520839 0.61863326 0.53375636 0.42811681
 0.42367296 0.57457992 0.4658265  0.53800546 0.434159   0.68285034
 0.49994729 0.47395934 0.33367306 0.5066542  0.43877554 0.37080932
 0.52072139 0.54209228 0.51840948 0.48010278 0.42690582 0.71826365
 0.54688605 0.64953146 0.43645326 0.59030652 0.31415637 0.4443103
 0.60446855 0.39750058 0.47099138],[2, 39.678634730662985, 20.838043091224336, 39.63682796898891, 20.846804293282513, nan, nan, 2, 2, 2, 1, 2, 1, 2, 1, 2, 2, 2, 1, 1, 1, 2, 1, 2, 1, 1, 2, 2, 2, 1, 1, 2, 1, 2, 1, 2, 1, 1, 1, 2, 1, 1, 2, 2, 2, 1, 1, 2, 2, 2, 1, 2, 1, 1, 2, 1, 1]
11,[0.5368471  0.62929815 0.29249026 0.40678996 0.44647555 0.43366399
 0.64347265 0.50720969 0.42107522 0.57333668 0.44222437 0.58164391
 0.48442497 0.66047368 0.43527939 0.38522176 0.56517943 0.48364507
 0.47181534 0.48186273 0.4152918  0.52546249 0.4961085  0.56269183
 0.50169223 0.47106836 0.56879656 0.56597388 0.55944223 0.51665198
 0.59072302 0.57698812 0.31293876 0.57280418 0.55294981 0.54170626
 0.64143074 0.64256479 0.6349935  0.46784678 0.47080432 0.38485092
 0.42123876 0.57889745 0.52453519 0.50603119 0.58447522 0.55537996
 0.55044743 0.52354174 0.51658628 0.7063309  0.42622554 0.53543837
 0.55571707 0.6468177  0.41266997],[2, 39.69494514618864, 20.815348647966058, 39.66148747923057, 20.841294768809032, nan, nan, 2, 1, 2, 1, 2, 1, 2, 1, 1, 2, 1, 1, 1, 1, 2, 1, 2, 2, 1, 2, 2, 2, 2, 2, 2, 1, 2, 2, 2, 2, 2, 2, 1, 1, 1, 1, 2, 2, 2, 2, 2, 2, 2, 2, 2, 1, 2, 2, 2, 1]
12,[0.47698518 0.38601235 0.45314351 0.62206572 0.27974533 0.62001999
 0.72330185 0.44971849 0.48330448 0.27975555 0.48911018 0.48025483
 0.52316647 0.4251776  0.58916243 0.51148578 0.48131022 0.62545914
 0.46597597 0.54385116 0.41230193 0.44033657 0.45151391 0.51174033
 0.42357714 0.56985203 0.4930102  0.38395603 0.44573806 0.49232769
 0.43422537 0.46694906 0.55380652 0.57191092 0.53381481 0.46388816
 0.52525736 0.58731251 0.49053657 0.49932353 0.2450846  0.58972164
 0.57664816 0.39480026 0.45294131 0.41474672 0.39369882 0.51931625
 0.47554436 0.41406913 0.44263201 0.43268971 0.54262779 0.42923348
 0.39431694 0.53859649 0.70659538],[2, 39.65836323344981, 20.842418302894583, 39.693857633620865, 20.81320116127587, nan, nan, 1, 1, 1, 1, 1, 2, 1, 2, 2, 1, 2, 1, 2, 1, 1, 1, 2, 1, 2, 1, 1, 1, 1, 1, 1, 2, 2, 2, 1, 2, 2, 1, 1, 1, 2, 2, 1, 1, 1, 1, 2, 1, 1, 1, 1, 2, 1, 1, 2, 2]
13,[0.45270145 0.6521167  0.27326059 0.40350106 0.46440665 0.56141879
 0.50978274 0.58831089 0.50644213 0.52179457 0.43663478 0.59322121
 0.45070708 0.5854184  0.32240327 0.36028468 0.5303414  0.57810612
 0.61325753 0.46694183 0.41082019 0.49042933 0.51882835 0.53426692
 0.50736423 0.43942085 0.52221292 0.68441937 0.54939479 0.50332082
 0.54851911 0.65099466 0.45307131 0.54611304 0.49984087 0.56090477
 0.66707168 0.48880912 0.49008769 0.55450557 0.46795801 0.44308511
 0.3605235  0.69849536 0.60325672 0.54404109 0.52113039 0.54379324
 0.51973607 0.5049847  0.58205634 0.54282373 0.45749736 0.5138232
 0.54864335 0.5022021  0.43870246],[2, 39.69837627958804, 20.81210849974873, 39.66099294067686, 20.844316112983613, nan, nan, 2, 2, 2, 1, 2, 1, 2, 1, 1, 2, 2, 2, 1, 1, 1, 2, 2, 2, 1, 2, 2, 2, 2, 2, 2, 1, 2, 1, 2, 2, 1, 1, 2, 1, 1, 1, 2, 2, 2, 2, 2, 2, 2, 2, 2, 1, 2, 2, 2, 1]
14,[0.58269988 0.21626473 0.46547351 0.51669286 0.4304422  0.46806964
 0.49208415 0.41681174 0.34148416 0.41663009 0.63110317 0.47055035
 0.60673225 0.57944533 0.58663772 0.59553923 0.44075447 0.51787218
 0.66448021 0.52940974 0.606003   0.47725611 0.53923252 0.42951314
 0.62880574 0.58156961 0.4598798  0.37351002 0.47000551 0.54244072
 0.52440335 0.52101889 0.44604979 0.52972621 0.30081286 0.61228436
 0.68880218 0.53810056 0.56034822 0.4713059  0.53354177 0.51660563
 0.70892701 0.43387976 0.47516687 0.60010767 0.45731573 0.58800838
 0.36226843 0.49297838 0.58429806 0.47602448 0.584234   0.61884848
 0.70945293 0.40167446 0.61658491],[2, 39.63283896247206, 20.84449587559323, 39.678013139282434, 20.83859319174115, nan, nan, 1, 1, 1, 2, 1, 2, 2, 2, 2, 1, 2, 2, 2, 2, 1, 2, 1, 2, 2, 1, 1, 1, 2, 2, 2, 1, 2, 1, 2, 2, 2, 2, 1, 2, 2, 2, 1, 1, 2, 1, 2, 1, 1, 2, 1, 2, 2, 2, 1, 2]
15,[0.55418804 0.59562829 0.32344582 0.41766672 0.47785118 0.55924963
 0.41632773 0.51961679 0.57718909 0.53549968 0.49545894 0.58395541
 0.42753573 0.52308283 0.46817653 0.34927497 0.54316902 0.48643122
 0.50999317 0.49305397 0.62284245 0.56144312 0.56860205 0.53231633
 0.52408092 0.4130243  0.50685654 0.49471938 0.48841936 0.55534513
 0.57992315 0.51921698 0.40368191 0.51417449 0.54343698 0.4973439
 0.47107274 0.51922964 0.48426573 0.4201234  0.37584422 0.48212613
 0.45854345 0.59945451 0.60568683 0.60189489 0.54086217 0.52281776
 0.55855673 0.52576101 0.43518392 0.51991653 0.38465321 0.40237383
 0.57921131 0.44668688 0.45586417],[2, 39.68988234295037, 20.820564579273984, 39.66312297458363, 20.846581481723465, nan, nan, 2, 2, 2, 1, 2, 1, 2, 1, 1, 2, 1, 2, 1, 2, 2, 2, 2, 2, 1, 2, 1, 1, 2, 2, 2, 1, 2, 2, 1, 1, 2, 1, 1, 1, 1, 1, 2, 2, 2, 2, 2, 2, 2, 1, 2, 1, 1, 2, 1, 1]
16,[0.55921551 0.28363517 0.48642742 0.51988986 0.408048   0.46818366
 0.48305173 0.48808897 0.45446586 0.44027207 0.54972052 0.45005802
 0.57988747 0.40766709 0.50650564 0.50707179 0.44120692 0.52075093
 0.493542   0.5484891  0.52459633 0.48437322 0.57265306 0.3954705
 0.53711672 0.56750377 0.45373763 0.48121858 0.37616579 0.44715134
 0.5210718  0.50636237 0.68476259 0.50000241 0.49635403 0.51569229
 0.5852598  0.54061434 0.5500392  0.63534965 0.57079089 0.40105485
 0.50338973 0.47734656 0.37199532 0.60753412 0.39954619 0.56385985
 0.4451658  0.47367814 0.40134465 0.44570102 0.53557297 0.53773084
 0.49468015 0.58094803 0.55341414],[2, 39.64296918614735, 20.848026554862834, 39.67849385897835, 20.834819826577498, nan, nan, 1, 1, 1, 2, 1, 2, 1, 2, 2, 1, 2, 1, 2, 2, 1, 2, 1, 2, 2, 1, 1, 1, 1, 2, 2, 2, 2, 1, 2, 2, 2, 2, 2, 2, 1, 2, 1, 1, 2, 1, 2, 1, 1, 1, 1, 2, 2, 1, 2, 2]
17,[0.53820657 0.52750687 0.35817582 0.31617665 0.46538979 0.48905921
 0.58288564 0.59257183 0.55201729 0.48929936 0.50127993 0.51307251
 0.39932091 0.63392892 0.44278293 0.46845087 0.49009472 0.50640903
 0.39264034 0.50413373 0.40966563 0.58254357 0.49278207 0.59469847
 0.65082758 0.40970539 0.50279132 0.55531937 0.45011712 0.48872409
 0.49277547 0.47668543 0.55646428 0.50834027 0.54165366 0.53574219
 0.46791839 0.44567044 0.49567732 0.42054335 0.50674631 0.38500813
 0.40136774 0.57868046 0.56010777 0.68295515 0.42874637 0.55257463
 0.56160938 0.5160814  0.55044956 0.56799684 0.44919173 0.48377693
 0.37713066 0.46949839 0.26543726],[2, 39.6796391985742, 20.82641649428188, 39.647862318795354, 20.844481769554363, nan, nan, 2, 2, 1, 2, 2, 1, 2, 1, 1, 1, 2, 1, 2, 1, 2, 1, 2, 2, 1, 2, 2, 1, 1, 1, 1, 2, 2, 2, 2, 1, 1, 1, 1, 2, 1, 1, 2, 2, 2, 1, 2, 2, 2, 2, 2, 1, 1, 1, 1, 1]
18,[0.46629932 0.31844606 0.44813892 0.53593723 0.39667408 0.57466977
 0.5770222  0.47148239 0.4389426  0.48612115 0.54584793 0.403642
 0.6286993  0.49615407 0.53786076 0.57339852 0.45249816 0.54437932
 0.4137237  0.56838478 0.54645329 0.40607385 0.57772679 0.45063733
 0.70337973 0.50713557 0.50919907 0.5841719  0.44790563 0.54100146
 0.54749847 0.62681563 0.53030953 0.58469383 0.44853475 0.44079979
 0.48809942 0.58721874 0.56693853 0.37649022 0.49494375 0.5188329
 0.42274279 0.48415923 0.37741013 0.53504775 0.43044364 0.39451053
 0.44981956 0.42702061 0.40289116 0.35021654 0.54297928 0.57559084
 0.57083856 0.51822239 0.53302542],[2, 39.648203559935276, 20.841575042938064, 39.68090683795213, 20.8329033512937, nan, nan, 1, 1, 1, 2, 1, 2, 1, 2, 2, 1, 2, 1, 2, 2, 1, 2, 1, 2, 2, 2, 2, 1, 2, 2, 2, 2, 2, 1, 1, 1, 2, 2, 1, 1, 2, 1, 1, 1, 2, 1, 1, 1, 1, 1, 1, 2, 2, 2, 2, 2]
19,[0.44764977 0.25117521 0.45303726 0.5416168  0.41781737 0.50869825
 0.49993693 0.43723752 0.4613488  0.46989249 0.48664214 0.48350648
 0.5724399  0.43632358 0.55147026 0.56224534 0.36127047 0.5462435
 0.6076475  0.58191489 0.55544623 0.30771728 0.51782527 0.48554923
 0.46468581 0.58103875 0.49066789 0.43598258 0.44898072 0.56951125
 0.45723014 0.51916074 0.52011975 0.5600529  0.52340336 0.32890611
 0.5186933  0.50281751 0.48719993 0.42032542 0.50318134 0.57139135
 0.55448138 0.49971129 0.54285346 0.5068638  0.47670907 0.53087721
 0.45341095 0.44047278 0.47435914 0.30745816 0.55449136 0.54770493
 0.57672836 0.5083107  0.53727608],[2, 39.638088311963536, 20.842400399578835, 39.68176085153996, 20.836465939794994, nan, nan, 1, 1, 1, 1, 1, 2, 1, 2, 2, 1, 2, 2, 2, 2, 1, 2, 1, 1, 2, 1, 1, 1, 2, 1, 2, 2, 2, 2, 1, 2, 2, 1, 1, 2, 2, 2, 1, 2, 2, 1, 2, 1, 1, 1, 1, 2, 2, 2, 2, 2]
20,[0.55698133 0.33814154 0.51006797 0.53554412 0.36408625 0.58192997
 0.6413311  0.40619199 0.42238104 0.49647769 0.50413591 0.59651712
 0.48999307 0.4685777  0.49379488 0.63553398 0.45769078 0.54779167
 0.56386118 0.51726138 0.57282515 0.39544304 0.56830845 0.40253809
 0.42066199 0.54923274 0.47049629 0.43721725 0.56302824 0.51770163
 0.41237407 0.53349438 0.51650311 0.5919202  0.48080033 0.46059574
 0.49191161 0.53092845 0.52432718 0.6323289  0.50183244 0.51189529
 0.51205314 0.40613065 0.43696973 0.56521333 0.55350069 0.57006402
 0.48422219 0.45731383 0.49059056 0.46058712 0.55529301 0.39329085
 0.49535942 0.57608905 0.52135483],[2, 39.65116509098294, 20.852009927105758, 39.68084772755343, 20.827412387247257, nan, nan, 1, 1, 1, 2, 2, 1, 1, 1, 2, 1, 2, 2, 2, 2, 1, 2, 1, 1, 2, 1, 1, 2, 2, 1, 2, 2, 2, 1, 1, 1, 2, 2, 2, 2, 2, 2, 1, 1, 2, 2, 2, 1, 1, 1, 1, 2, 1, 1, 2, 2]
21,[0.46769699 0.51312187 0.41331581 0.19608884 0.48408495 0.48832869
 0.54978486 0.58788276 0.51563942 0.63680592 0.48240223 0.55848638
 0.37579001 0.50092817 0.45979509 0.36442599 0.44626446 0.48770909
 0.43708411 0.34364417 0.44349542 0.59594085 0.37515464 0.44025794
 0.29574118 0.45845086 0.55187774 0.61474074 0.50179609 0.49006996
 0.59047775 0.34378982 0.38922829 0.45882442 0.51508787 0.51624014
 0.46289639 0.35780534 0.45539059 0.28670196 0.45775858 0.45611086
 0.40538402 0.55625039 0.55573511 0.46306631 0.69146628 0.47004786
 0.35786295 0.52518153 0.49159046 0.5373964  0.39296553 0.44403482
 0.40700377 0.54876257 0.49949684],[2, 39.677476183308684, 20.835707439362157, 39.629805194011524, 20.847631856288913, nan, nan, 2, 2, 2, 1, 2, 1, 2, 1, 1, 1, 1, 1, 1, 1, 2, 1, 1, 1, 1, 2, 2, 2, 1, 2, 1, 1, 1, 2, 2, 1, 1, 1, 1, 1, 1, 1, 2, 2, 1, 2, 1, 1, 2, 1, 2, 1, 1, 1, 2, 1]
22,[0.60063481 0.22389148 0.46884901 0.53420365 0.43503622 0.46891495
 0.49626206 0.44035788 0.44764852 0.47501539 0.54956393 0.47538886
 0.581374   0.50703224 0.54022546 0.50268751 0.49653953 0.42349856
 0.60065596 0.58090558 0.51648962 0.47692388 0.553147   0.3885198
 0.55772935 0.59690548 0.4246606  0.41409265 0.40448512 0.41205032
 0.53540504 0.58310523 0.52754873 0.5118958  0.56399988 0.44615653
 0.41211499 0.57012591 0.59478613 0.4174262  0.68577699 0.60179756
 0.60424442 0.49286105 0.50951384 0.65923181 0.41804603 0.5235472
 0.45826314 0.39543391 0.39683839 0.36224247 0.5201974  0.52944601
 0.55377412 0.63289973 0.54489876],[2, 39.633985765672065, 20.845064639587587, 39.68064616611294, 20.839367272026543, nan, nan, 1, 1, 1, 2, 1, 2, 2, 2, 2, 1, 1, 2, 2, 2, 1, 2, 1, 2, 2, 1, 1, 1, 1, 2, 2, 2, 2, 2, 1, 1, 2, 2, 1, 2, 2, 2, 1, 2, 2, 1, 2, 1, 1, 1, 1, 2, 2, 2, 2, 2]
23,[0.53358786 0.28540994 0.48484386 0.54844559 0.36140534 0.50843876
 0.5817447  0.33079864 0.42391562 0.48562049 0.56256363 0.46810862
 0.57087566 0.46240981 0.60628903 0.54798086 0.47146389 0.50163204
 0.57624037 0.52129665 0.72944273 0.45055717 0.53989525 0.47023553
 0.48115959 0.52010915 0.43103966 0.48087406 0.42871909 0.36673857
 0.50672068 0.50122134 0.5276567  0.47328287 0.53613952 0.41356775
 0.50741947 0.58259301 0.51014083 0.58081405 0.52834083 0.51114324
 0.5626038  0.59421494 0.54014806 0.48466258 0.49299606 0.52544525
 0.46610336 0.47552551 0.44035034 0.4307664  0.53051052 0.57045915
 0.51952472 0.5591462  0.52738918],[2, 39.64323605067637, 20.847759730127173, 39.68278766947117, 20.826960659785613, nan, nan, 1, 1, 1, 2, 1, 2, 1, 2, 2, 1, 2, 2, 2, 2, 1, 2, 1, 1, 2, 1, 1, 1, 1, 2, 2, 2, 1, 2, 1, 2, 2, 2, 2, 2, 2, 2, 2, 2, 1, 1, 2, 1, 1, 1, 1, 2, 2, 2, 2, 2]
24,[0.44813616 0.4766498  0.46364829 0.36901131 0.33445957 0.38358933
 0.42354195 0.47459318 0.45569793 0.38537287 0.29606166 0.56256631
 0.45638305 0.62678261 0.785379   0.43740382 0.62497365 0.46192379
 0.44600381 0.35566896 0.48414    0.50379309 0.47156111 0.54998024
 0.33938555 0.69679055 0.5957221  0.61731787 0.52251896 0.46820173
 0.50242504 0.46643158 0.50257746 0.44825626 0.48636419 0.46544498
 0.62295189 0.29018557 0.66520028 0.63402949 0.35982175 0.61497865
 0.43436983 0.61399398 0.54983556 0.38681678 0.49944317 0.41147806
 0.45113012 0.57491367 0.63049908 0.49214755 0.39047416 0.42999667
 0.42729756 0.49627484 0.46993917],[2, 39.67199202441624, 20.844188331979183, 39.65580685499407, 20.822420368411095, nan, nan, 1, 1, 1, 1, 2, 1, 2, 2, 1, 2, 1, 1, 1, 1, 2, 1, 2, 1, 2, 2, 2, 2, 1, 2, 1, 2, 1, 1, 1, 2, 1, 2, 2, 1, 2, 1, 2, 2, 1, 1, 1, 1, 2, 2, 1, 1, 1, 1, 1, 1]
25,[0.55705793 0.25226138 0.47040093 0.50442071 0.43185763 0.20045147
 0.53928231 0.40004084 0.33278974 0.43472633 0.59847555 0.47810828
 0.56185361 0.41500449 0.38309129 0.51831107 0.45275808 0.52348808
 0.50555566 0.51594158 0.45414613 0.45355546 0.51468957 0.40423363
 0.62713748 0.62362275 0.47673279 0.48521577 0.41986177 0.49909367
 0.51651825 0.55625238 0.55181097 0.56159228 0.49583953 0.42057553
 0.565768   0.51426398 0.49502622 0.34292116 0.60560194 0.53767631
 0.52187028 0.44245991 0.39429965 0.58804757 0.42649077 0.53374057
 0.43502064 0.41098549 0.45838299 0.35333248 0.49458463 0.65224764
 0.6889888  0.48771608 0.52302023],[2, 39.63825163404891, 20.84532613301004, 39.676167824063924, 20.838831687217162, nan, nan, 1, 1, 1, 2, 1, 2, 1, 1, 2, 1, 2, 2, 2, 1, 1, 2, 1, 2, 2, 1, 1, 1, 1, 2, 2, 2, 2, 1, 1, 2, 2, 1, 1, 2, 2, 2, 1, 1, 2, 1, 2, 1, 1, 1, 1, 1, 2, 2, 1, 2]
