1,[0.41843807 0.52137979 0.42253709 0.28792654 0.40927497 0.54214048
 0.58186023 0.50878201 0.66859195 0.42864013 0.47342573 0.53727757
 0.43541638 0.49995102 0.47176265 0.47874716 0.64809776 0.45437221
 0.45647684 0.45680973 0.72533606 0.60351411 0.40954364 0.56279485
 0.36681289 0.50378275 0.5450944  0.52636305 0.51256198 0.43717999
 0.46767426 0.61699818 0.46808638 0.55457801 0.45293184 0.54991003
 0.5884099  0.5118709  0.4825415  0.50566122 0.60130047 0.48608526
 0.49246626 0.58412648 0.62740883 0.352769   0.57978494 0.47733258
 0.57805454 0.60821903 0.56010031 0.52665871 0.41325899 0.47810858
 0.40220521 0.65239239 0.39516089],[2, 39.67871789318255, 20.837261201743964, 39.64361446215032, 20.835026568193825, nan, nan, 2, 2, 1, 1, 2, 1, 1, 1, 1, 2, 1, 1, 1, 2, 2, 1, 2, 1, 2, 2, 2, 2, 1, 1, 2, 1, 2, 1, 2, 2, 2, 1, 2, 2, 1, 1, 2, 2, 1, 2, 1, 2, 2, 2, 2, 1, 1, 1, 2, 1]
2,[0.48209824 0.60967776 0.32795578 0.34990698 0.4240129  0.50933794
 0.59457776 0.4896205  0.57294471 0.58839273 0.48589236 0.50673133
 0.42726223 0.62644927 0.44140752 0.44753162 0.5077228  0.35963999
 0.45110859 0.48932092 0.62789196 0.54980704 0.5546845  0.52238117
 0.49892991 0.50216469 0.59701071 0.60416556 0.51905284 0.5697416
 0.52189069 0.65085321 0.59711286 0.66869914 0.35194408 0.49647254
 0.60242837 0.50585429 0.37839708 0.62484831 0.45479561 0.44699822
 0.41665704 0.56579072 0.49207422 0.63771891 0.5539863  0.55171542
 0.50478402 0.51460132 0.57882058 0.55546581 0.44518732 0.43541427
 0.5835652  0.43230013 0.42027855],[2, 39.69199490636151, 20.82132449558305, 39.652934213618934, 20.837509871872818, nan, nan, 1, 2, 2, 1, 2, 1, 2, 1, 1, 2, 1, 1, 1, 2, 2, 2, 2, 1, 2, 2, 2, 2, 2, 2, 2, 2, 2, 1, 1, 2, 2, 1, 2, 1, 1, 1, 2, 1, 2, 2, 2, 2, 2, 2, 2, 1, 1, 2, 1, 1]
3,[0.41437134 0.45783513 0.47424123 0.34739326 0.30289917 0.56516443
 0.53360622 0.50827112 0.49693252 0.45379877 0.42823241 0.5615502
 0.43415177 0.36724464 0.62136161 0.53368283 0.56147699 0.49979992
 0.49394253 0.45427108 0.44532758 0.53246925 0.35765068 0.5834917
 0.46309789 0.61141184 0.4998219  0.5006447  0.55225858 0.44510553
 0.36909172 0.49975185 0.58733321 0.40846643 0.43697578 0.60755232
 0.49443599 0.46667762 0.45698211 0.52390518 0.48046896 0.66015504
 0.51494127 0.48168144 0.5176626  0.39616776 0.53616937 0.4849802
 0.50481615 0.45740208 0.61842156 0.54444299 0.44867735 0.48575572
 0.33179847 0.57260986 0.40338351],[2, 39.66916293774345, 20.845973214067605, 39.65255623470414, 20.817102522106357, nan, nan, 2, 1, 1, 1, 2, 1, 1, 2, 2, 2, 1, 1, 1, 1, 2, 1, 2, 1, 2, 1, 2, 2, 1, 1, 1, 2, 1, 1, 2, 1, 1, 1, 2, 1, 2, 2, 1, 2, 1, 2, 1, 2, 1, 2, 2, 1, 1, 1, 2, 1]
4,[0.45239295 0.60151758 0.29243328 0.37087746 0.47382642 0.50461232
 0.41177027 0.49140996 0.49820443 0.49760746 0.60663567 0.55639758
 0.3884457  0.52232049 0.43892213 0.40146621 0.55601015 0.4115488
 0.46597413 0.4587499  0.52877815 0.55280915 0.52233215 0.51533229
 0.66500812 0.345498   0.61813038 0.52362375 0.64002124 0.4785566
 0.59778877 0.52961087 0.43782723 0.60001878 0.53396947 0.52331945
 0.58329997 0.48596062 0.4487301  0.64198489 0.38054677 0.40487899
 0.49278035 0.58326421 0.5888084  0.53886637 0.67673713 0.343032
 0.55404944 0.40985934 0.61812263 0.56785001 0.38651757 0.34213246
 0.67802685 0.41325906 0.48727048],[2, 39.69076789256862, 20.815339047422704, 39.65608746046834, 20.845903319471642, nan, nan, 1, 1, 1, 2, 2, 1, 2, 1, 1, 2, 1, 1, 1, 2, 2, 2, 2, 2, 1, 2, 2, 2, 1, 2, 2, 1, 2, 2, 2, 2, 1, 1, 2, 1, 1, 1, 2, 2, 2, 2, 1, 2, 1, 2, 2, 1, 1, 2, 1, 1]
5,[0.59293746 0.19528776 0.51192221 0.49385774 0.41865502 0.50541808
 0.52950808 0.38020107 0.3369133  0.39307875 0.49919613 0.44023928
 0.658323   0.49606168 0.54728928 0.42017626 0.51424153 0.6299227
 0.52576054 0.58468472 0.6090594  0.3644894  0.54118978 0.2611299
 0.57012155 0.55854037 0.48599956 0.42347361 0.30475963 0.36869555
 0.55509851 0.51259494 0.57372516 0.45879622 0.57957504 0.41362663
 0.53191071 0.55141692 0.62954604 0.51677054 0.49395667 0.58593353
 0.51219043 0.43009019 0.42534064 0.62430901 0.51973587 0.60768551
 0.48376724 0.37156661 0.59981017 0.31002693 0.63676513 0.60113612
 0.53431925 0.50364775 0.61126005],[2, 39.62968473995489, 20.852322360945536, 39.674579512819406, 20.836607083203543, nan, nan, 1, 1, 1, 1, 1, 2, 1, 2, 1, 2, 2, 2, 2, 2, 1, 2, 1, 2, 2, 1, 1, 1, 1, 2, 2, 2, 1, 2, 1, 2, 2, 2, 2, 1, 2, 2, 1, 1, 2, 2, 2, 1, 1, 2, 1, 2, 2, 2, 2, 2]
6,[0.43666144 0.63257792 0.25261091 0.41879845 0.47969678 0.42826335
 0.46052158 0.55557474 0.51229034 0.62450766 0.57498716 0.60651255
 0.34501934 0.57965493 0.4284062  0.47112062 0.49643894 0.43612531
 0.51879593 0.44176397 0.55257225 0.51507793 0.56324515 0.52239117
 0.54902128 0.47436362 0.54422822 0.53041714 0.58113452 0.53159941
 0.55981817 0.57677942 0.49688532 0.6402037  0.53357571 0.53879731
 0.45506047 0.58990921 0.55297336 0.52211256 0.4848632  0.44687884
 0.40373168 0.56246974 0.40863845 0.58607437 0.58406317 0.62087375
 0.53536038 0.49588688 0.54355084 0.66017058 0.40735538 0.39751155
 0.57862244 0.4808557  0.46919745],[2, 39.69543831138935, 20.808629081841143, 39.6632931482164, 20.84689245955178, nan, nan, 2, 2, 2, 2, 2, 1, 2, 1, 1, 1, 1, 2, 1, 2, 2, 2, 2, 2, 1, 2, 2, 2, 2, 2, 2, 1, 2, 2, 2, 1, 2, 2, 2, 1, 1, 1, 2, 1, 2, 2, 2, 2, 1, 2, 2, 1, 1, 2, 1, 1]
7,[0.60042058 0.57150999 0.30304185 0.37881937 0.44320529 0.4696817
 0.54116214 0.55743527 0.51011957 0.52857951 0.60487349 0.53813972
 0.42104243 0.52043664 0.39787569 0.36469807 0.59578849 0.32536541
 0.60905741 0.39423195 0.48493224 0.51151199 0.49319134 0.55279435
 0.54570997 0.27663667 0.54617479 0.53482388 0.52235308 0.50609947
 0.32844814 0.53817481 0.4372454  0.59639766 0.5236938  0.56828925
 0.3311315  0.29100062 0.49534395 0.54035274 0.42661033 0.43675679
 0.36940256 0.6605513  0.69559272 0.59606745 0.53401566 0.50820098
 0.39175509 0.58506321 0.48693821 0.5601831  0.70194492 0.39934508
 0.63611476 0.49225346 0.56515206],[2, 39.686255770560415, 20.817126564095037, 39.65728165373568, 20.840743739580304, nan, nan, 2, 2, 2, 2, 2, 1, 2, 1, 1, 2, 1, 2, 1, 1, 2, 1, 2, 2, 1, 2, 2, 2, 2, 1, 2, 1, 2, 2, 2, 1, 1, 1, 2, 1, 1, 1, 2, 2, 2, 2, 2, 1, 2, 1, 2, 2, 1, 2, 1, 2]
8,[0.59916304 0.55640031 0.41248997 0.31920969 0.4589339  0.43100026
 0.59302603 0.45010672 0.54317289 0.54785491 0.44523723 0.53727387
 0.32244532 0.60293969 0.43450611 0.49759594 0.653464   0.50314356
 0.50376758 0.49182821 0.49178748 0.55177863 0.38399795 0.53809775
 0.30151529 0.44184222 0.51450514 0.51648244 0.63758779 0.52937115
 0.51936223 0.45258511 0.48575982 0.56934776 0.58424486 0.63237105
 0.57117289 0.49568846 0.46181416 0.41985298 0.22117712 0.36325038
 0.47411699 0.68090811 0.56541157 0.53048967 0.52191229 0.50496486
 0.54516412 0.61228024 0.73392845 0.521073   0.43525418 0.41148645
 0.46826519 0.4726333  0.46194625],[2, 39.68398378838247, 20.835568287000786, 39.64831838394928, 20.843393968891625, nan, nan, 1, 2, 2, 1, 2, 1, 2, 1, 1, 2, 2, 2, 1, 1, 2, 1, 2, 1, 1, 2, 2, 2, 2, 2, 1, 1, 2, 2, 2, 2, 1, 1, 1, 1, 1, 1, 2, 2, 2, 2, 2, 2, 2, 2, 2, 1, 1, 1, 1, 1]
9,[0.60397178 0.33959811 0.46254306 0.61938908 0.292773   0.44289036
 0.44197636 0.4812608  0.37653628 0.51214312 0.56903335 0.47597667
 0.56051526 0.41465431 0.50525902 0.53102828 0.54740773 0.63556572
 0.47060996 0.53706484 0.48971469 0.45928207 0.49925161 0.41547889
 0.46262726 0.57703722 0.43153416 0.43612605 0.41376375 0.4518172
 0.45024342 0.54956286 0.53283383 0.40093584 0.50984323 0.46752457
 0.50885662 0.54190213 0.52202976 0.49816208 0.50854115 0.5062269
 0.58464431 0.3866718  0.41414798 0.43175243 0.56344881 0.46990564
 0.49768246 0.47290718 0.39892222 0.45779132 0.53876898 0.39797462
 0.42192053 0.55629631 0.53322399],[2, 39.65138411009098, 20.84400210374439, 39.69345515857111, 20.815396288960006, nan, nan, 1, 1, 2, 2, 1, 2, 1, 2, 2, 2, 2, 1, 2, 1, 1, 1, 1, 1, 2, 1, 1, 1, 1, 1, 2, 2, 1, 2, 1, 2, 2, 2, 1, 2, 2, 2, 1, 1, 1, 2, 1, 1, 1, 1, 1, 2, 1, 1, 2, 2]
10,[0.50563095 0.2617708  0.46029012 0.51905385 0.41154586 0.50103654
 0.70225573 0.48850534 0.5096188  0.49930313 0.57019282 0.44149421
 0.51223014 0.45891316 0.53031374 0.73367204 0.48249288 0.50872463
 0.53445369 0.64255767 0.52302195 0.4606584  0.55341683 0.4595862
 0.527724   0.52961126 0.39922106 0.42041499 0.50212312 0.59307759
 0.46070063 0.51402196 0.57247687 0.52548217 0.70452325 0.47027375
 0.65347899 0.60526964 0.49161104 0.59928917 0.5189882  0.54589802
 0.53541131 0.4024879  0.42403913 0.58215381 0.36951142 0.60193531
 0.4875569  0.3483536  0.38395471 0.40282471 0.54996418 0.50028474
 0.50685429 0.42111103 0.32587742],[2, 39.63968152833258, 20.84362248850569, 39.678368151178155, 20.835409207446187, nan, nan, 1, 2, 1, 2, 1, 2, 1, 2, 2, 1, 2, 2, 2, 2, 1, 2, 1, 2, 2, 1, 1, 2, 2, 1, 2, 2, 2, 2, 1, 2, 2, 1, 2, 2, 2, 2, 1, 1, 2, 1, 2, 1, 1, 1, 1, 2, 2, 2, 1, 1]
11,[0.5763065  0.55863439 0.34080547 0.38514273 0.49098967 0.52631087
 0.6698054  0.47892229 0.56465874 0.71050943 0.46373508 0.55434898
 0.47008296 0.52340123 0.49335966 0.50149649 0.58971247 0.68096924
 0.51757356 0.27985458 0.22756009 0.51656563 0.53587502 0.49889807
 0.45184857 0.61839667 0.58708304 0.54862279 0.52958377 0.51866355
 0.36093333 0.59699218 0.42979007 0.49551791 0.50983548 0.56106562
 0.36891073 0.41077486 0.49737198 0.3995747  0.501497   0.47169426
 0.49042362 0.51029949 0.43073942 0.64905715 0.51812993 0.44172115
 0.57042177 0.58406942 0.45138584 0.5467273  0.38631516 0.36962793
 0.51650389 0.48327129 0.45098102],[2, 39.68431971821042, 20.823489634904778, 39.658232471702135, 20.848795283431357, nan, nan, 1, 2, 2, 1, 2, 1, 2, 1, 2, 2, 2, 2, 1, 1, 2, 2, 1, 1, 2, 2, 2, 2, 2, 1, 2, 1, 1, 2, 2, 1, 1, 1, 1, 2, 1, 1, 2, 1, 2, 2, 1, 2, 2, 1, 2, 1, 1, 2, 1, 1]
12,[0.45721392 0.6419209  0.28024694 0.40682782 0.477814   0.42340633
 0.41379728 0.52581538 0.53411653 0.60985462 0.44236463 0.65657087
 0.42337615 0.47892337 0.38509236 0.46912248 0.63323505 0.31910513
 0.49087563 0.42221249 0.51760284 0.52803763 0.5729932  0.67383399
 0.51508797 0.37936543 0.66244636 0.59947008 0.62452213 0.49015858
 0.50353906 0.50907446 0.45207571 0.57648255 0.56838361 0.65411784
 0.31886826 0.48575923 0.61597076 0.57123462 0.34395767 0.41954937
 0.32326426 0.61965835 0.66354416 0.5846586  0.38312183 0.66648723
 0.54538409 0.66481555 0.56387161 0.64053794 0.48606934 0.49577683
 0.3773091  0.44284397 0.42950775],[2, 39.69684317780701, 20.81328568132222, 39.6614931717126, 20.846575216087743, nan, nan, 2, 2, 2, 1, 2, 1, 1, 1, 1, 2, 1, 1, 1, 2, 2, 2, 2, 2, 1, 2, 2, 2, 1, 2, 2, 1, 2, 2, 2, 1, 1, 2, 2, 1, 1, 1, 2, 2, 2, 1, 2, 2, 2, 2, 2, 1, 1, 1, 1, 1]
13,[0.50460517 0.3805606  0.45821506 0.56383704 0.36371736 0.47498834
 0.51406309 0.44342272 0.47232966 0.48208079 0.40436941 0.48771081
 0.60680013 0.48234598 0.56455699 0.48718542 0.47502739 0.55583918
 0.5111071  0.40560228 0.53948769 0.44384388 0.50981151 0.50290705
 0.47783802 0.62622434 0.55258808 0.39682556 0.47680951 0.47237504
 0.48176509 0.44599665 0.53517544 0.47472335 0.32859496 0.38184423
 0.50518079 0.53546577 0.62593355 0.48303855 0.56880111 0.35442356
 0.55666792 0.41857829 0.44130649 0.50290799 0.45165747 0.39186232
 0.42345808 0.4838409  0.40827459 0.47137941 0.5361067  0.59149362
 0.41971769 0.45815437 0.55850826],[2, 39.65754347519613, 20.843272847021257, 39.68510202003341, 20.82735022891392, nan, nan, 1, 1, 1, 1, 1, 2, 1, 2, 1, 1, 2, 2, 1, 2, 1, 2, 2, 1, 2, 2, 1, 1, 1, 1, 1, 2, 1, 1, 1, 2, 2, 2, 1, 2, 1, 2, 1, 1, 2, 1, 1, 1, 1, 1, 1, 2, 2, 1, 1, 2]
14,[0.57929753 0.49320322 0.32587413 0.41867664 0.5009646  0.46936319
 0.42909376 0.39445933 0.58072324 0.56826858 0.506932   0.51865875
 0.38678737 0.46138539 0.46455073 0.46843489 0.5866404  0.48465683
 0.43421241 0.46120902 0.50734652 0.49251868 0.6183757  0.47011146
 0.55018993 0.65099014 0.54435614 0.50865251 0.61500066 0.47988731
 0.5246966  0.53437984 0.43233888 0.51009742 0.61201641 0.53681399
 0.48146116 0.49040638 0.47569439 0.43932145 0.46982554 0.48664014
 0.43035479 0.51547552 0.49381414 0.57025964 0.48287548 0.49634624
 0.51692828 0.50346357 0.48978037 0.50512743 0.48163098 0.47751964
 0.51692101 0.42499497 0.48805801],[2, 39.67448109563706, 20.82097374280535, 39.66327483192143, 20.850476032667213, nan, nan, 1, 2, 2, 2, 2, 1, 1, 1, 1, 2, 1, 1, 1, 2, 1, 2, 1, 2, 2, 2, 2, 2, 1, 2, 2, 1, 2, 2, 2, 1, 1, 1, 1, 1, 1, 1, 2, 1, 2, 1, 1, 2, 2, 1, 2, 1, 1, 2, 1, 1]
15,[0.45732481 0.63404313 0.28793582 0.39648965 0.43364712 0.454892
 0.49263569 0.49788279 0.59716498 0.57087498 0.41421733 0.60983489
 0.41858238 0.54336541 0.42320764 0.46106509 0.63266602 0.43239365
 0.51921907 0.47038801 0.54724073 0.55055256 0.52732418 0.50615212
 0.50383702 0.43389921 0.55925777 0.56190125 0.68318165 0.61718305
 0.50998741 0.56063137 0.47494854 0.51705612 0.59712956 0.54903569
 0.49115706 0.48724631 0.36782038 0.55309541 0.50040792 0.43274861
 0.40512765 0.55749447 0.58300907 0.51982245 0.52309001 0.51445445
 0.6266286  0.56812462 0.52216076 0.54985542 0.32376487 0.46423202
 0.5718149  0.42605931 0.48350175],[2, 39.69565862913358, 20.814581236640908, 39.6599386628049, 20.83913321184497, nan, nan, 1, 2, 2, 1, 2, 1, 2, 1, 1, 2, 1, 2, 1, 2, 2, 2, 2, 2, 1, 2, 2, 2, 2, 2, 2, 1, 2, 2, 2, 1, 1, 1, 2, 2, 1, 1, 2, 2, 2, 2, 2, 2, 2, 2, 2, 1, 1, 2, 1, 1]
16,[0.48613758 0.38582964 0.48679255 0.61205713 0.30381365 0.55454222
 0.35980399 0.47263104 0.47586805 0.41287561 0.48800553 0.41355003
 0.68183622 0.57205973 0.59966745 0.63955587 0.47940771 0.35748876
 0.42756627 0.56288141 0.36663396 0.45882654 0.48521452 0.41910088
 0.49118278 0.54514919 0.4551146  0.35228262 0.49877419 0.50887241
 0.62213715 0.41282816 0.64668033 0.29991269 0.42014923 0.48416634
 0.67348506 0.56868419 0.47977622 0.37945181 0.54059086 0.65367505
 0.67279857 0.46432217 0.59511917 0.37785152 0.56659334 0.46195917
 0.49640859 0.49539841 0.46430051 0.42003327 0.5081978  0.55902354
 0.47743816 0.66351935 0.52080886],[2, 39.65833575895666, 20.848088078447102, 39.69235268232079, 20.817256610862305, nan, nan, 1, 1, 1, 1, 1, 2, 2, 2, 2, 1, 1, 1, 2, 1, 1, 1, 1, 1, 2, 1, 1, 1, 2, 2, 1, 2, 1, 1, 1, 2, 2, 1, 1, 2, 2, 2, 1, 2, 1, 2, 1, 1, 1, 1, 1, 2, 2, 1, 2, 2]
17,[0.41306092 0.59452252 0.3112581  0.37486211 0.48140915 0.46613704
 0.46248679 0.622616   0.54047881 0.50193977 0.56509987 0.5752114
 0.43823031 0.50290793 0.46770699 0.48630735 0.3145353  0.39958944
 0.4547566  0.49794833 0.55097375 0.52095618 0.52575325 0.52236588
 0.54147043 0.39263531 0.5363924  0.55442203 0.55908205 0.60510114
 0.53761622 0.39417421 0.45639159 0.45018907 0.53239281 0.51016608
 0.45988336 0.41132359 0.474417   0.55183127 0.50017229 0.43638276
 0.46254574 0.42312331 0.3886058  0.6259748  0.64207238 0.56736324
 0.61314222 0.54167352 0.51313769 0.49291799 0.59851952 0.61724504
 0.47044103 0.47261849 0.41975401],[2, 39.68971607356191, 20.818510980631157, 39.65668661595362, 20.84718099001713, nan, nan, 2, 2, 2, 2, 2, 1, 2, 1, 1, 1, 1, 1, 1, 2, 2, 2, 2, 2, 1, 2, 2, 2, 2, 2, 1, 1, 1, 2, 2, 1, 1, 1, 2, 2, 1, 1, 1, 1, 2, 2, 2, 2, 2, 2, 1, 2, 2, 1, 1, 1]
18,[0.57361173 0.34221967 0.45266382 0.59593039 0.29868474 0.55977883
 0.60232312 0.58127712 0.43455926 0.48466667 0.48775133 0.371965
 0.5836877  0.47534404 0.53887025 0.51186443 0.4624365  0.59147014
 0.542967   0.68696143 0.52296347 0.48741538 0.38007136 0.38280838
 0.41451468 0.57918234 0.49261148 0.361932   0.41915798 0.47007205
 0.54869732 0.47750736 0.61346701 0.34645359 0.48575387 0.42483894
 0.48838734 0.60282072 0.52812121 0.60344829 0.42939478 0.52065118
 0.57079074 0.42209458 0.655701   0.47773441 0.41377465 0.41250708
 0.39095118 0.46437033 0.44512956 0.4278686  0.49486355 0.64751849
 0.49633863 0.630971   0.52559902],[2, 39.65177830354797, 20.84233747687774, 39.689927769285035, 20.816392401589535, nan, nan, 2, 1, 1, 1, 1, 2, 1, 2, 2, 1, 2, 2, 2, 2, 1, 1, 1, 1, 2, 1, 1, 1, 1, 2, 1, 2, 1, 1, 1, 1, 2, 2, 2, 1, 2, 2, 1, 2, 1, 1, 1, 1, 1, 1, 1, 1, 2, 1, 2, 2]
19,[0.54476747 0.57533242 0.30607623 0.33718759 0.44326651 0.38116207
 0.64357032 0.59448459 0.51004643 0.66709127 0.47998531 0.5508528
 0.46384514 0.52802477 0.47206496 0.45831604 0.57582925 0.51339392
 0.53789014 0.37111525 0.58580636 0.53761427 0.42188323 0.54636982
 0.54101151 0.39952751 0.61371695 0.53349907 0.59352272 0.57566492
 0.51518217 0.49123751 0.48967168 0.57627848 0.56147361 0.56895523
 0.34569837 0.43472979 0.49498374 0.55868894 0.43733264 0.37575147
 0.43360598 0.60152389 0.5131653  0.38764247 0.470133   0.40191641
 0.36961842 0.51544306 0.68256683 0.55473876 0.33179935 0.55406446
 0.45921796 0.52362369 0.46299166],[2, 39.686830534354165, 20.817637848813646, 39.65102164938365, 20.840754054257133, nan, nan, 2, 2, 2, 1, 2, 1, 2, 1, 1, 2, 2, 2, 1, 2, 2, 1, 2, 2, 1, 2, 2, 2, 2, 2, 1, 1, 2, 2, 2, 1, 1, 1, 2, 1, 1, 1, 2, 2, 1, 1, 1, 1, 2, 2, 2, 1, 2, 1, 2, 1]
20,[0.51328975 0.556719   0.32989878 0.35428848 0.44538024 0.60941372
 0.4924335  0.53742827 0.54673657 0.56980204 0.60370093 0.50546689
 0.46412101 0.49340379 0.62229279 0.42424282 0.48729133 0.51278091
 0.53861837 0.44071616 0.39687072 0.51346531 0.43725967 0.55857191
 0.51019461 0.39914669 0.42808628 0.54643748 0.38802656 0.55665467
 0.4147421  0.49860084 0.43640872 0.52987455 0.55506191 0.57006604
 0.47679656 0.40439498 0.4815532  0.5103193  0.45288366 0.43493551
 0.48707114 0.58247499 0.5156416  0.39000795 0.4672133  0.5174778
 0.62926739 0.59835534 0.60526462 0.56696692 0.48590553 0.50960268
 0.57351398 0.46278885 0.43595001],[2, 39.684031709260196, 20.821651886339595, 39.65359304170567, 20.841110212770538, nan, nan, 2, 2, 2, 2, 2, 1, 1, 2, 1, 1, 2, 2, 1, 1, 2, 1, 2, 2, 1, 1, 2, 1, 2, 1, 1, 1, 2, 2, 2, 1, 1, 1, 2, 1, 1, 1, 2, 2, 1, 1, 2, 2, 2, 2, 2, 1, 2, 2, 1, 1]
21,[0.57257031 0.36623362 0.46131933 0.56047446 0.34918951 0.4436655
 0.46350816 0.39838822 0.40966858 0.44042272 0.57083719 0.36750419
 0.49230274 0.46094774 0.562669   0.68987011 0.61194947 0.51422779
 0.54039962 0.53019382 0.42387923 0.45623267 0.44492314 0.40165615
 0.63409039 0.33071381 0.47093953 0.38341631 0.56679589 0.53831526
 0.39948431 0.47650649 0.37100167 0.38031543 0.39823724 0.4356343
 0.37907692 0.54951996 0.52919677 0.51576658 0.52833482 0.56219872
 0.56490184 0.40547106 0.51299068 0.41661396 0.55876598 0.43714351
 0.45732919 0.47358454 0.43725637 0.49534715 0.55293143 0.51924989
 0.4717455  0.57861489 0.55468553],[2, 39.65538918474927, 20.84379590712484, 39.68459640260725, 20.82490232438362, nan, nan, 1, 1, 1, 2, 1, 1, 1, 2, 2, 2, 2, 2, 2, 1, 1, 1, 1, 2, 1, 1, 1, 2, 2, 1, 1, 1, 1, 1, 1, 1, 2, 2, 2, 2, 2, 2, 1, 2, 1, 2, 1, 1, 1, 1, 1, 2, 2, 1, 2, 2]
22,[0.51421256 0.62636057 0.28360855 0.41495499 0.45585106 0.62579061
 0.48539287 0.60819735 0.51385133 0.59756206 0.42425635 0.51777621
 0.29935971 0.5894344  0.48033014 0.61826541 0.57124083 0.46184167
 0.57735953 0.50919355 0.51890466 0.45467806 0.51073106 0.58131788
 0.53872203 0.49657863 0.51962968 0.58349453 0.49090896 0.63801408
 0.56383784 0.59038221 0.47457239 0.61151478 0.68376591 0.50671245
 0.46334929 0.57618327 0.65093189 0.69137581 0.44132449 0.40499994
 0.49333559 0.50585476 0.54272608 0.51313772 0.59677119 0.52581447
 0.5634572  0.54447507 0.48749537 0.51821411 0.41943044 0.43935887
 0.55005716 0.27813164 0.46501805],[2, 39.6945034338245, 20.81385210339799, 39.6627152224504, 20.842874518681928, nan, nan, 2, 2, 2, 1, 2, 1, 2, 1, 2, 2, 1, 2, 2, 2, 1, 2, 2, 2, 1, 2, 2, 1, 2, 2, 2, 1, 2, 2, 2, 1, 2, 2, 2, 1, 1, 1, 2, 2, 2, 2, 2, 2, 2, 1, 2, 1, 1, 2, 1, 1]
23,[0.48830241 0.53030163 0.41580819 0.28975834 0.41410493 0.66781652
 0.52558974 0.52621769 0.54782092 0.53895239 0.46351319 0.54477679
 0.47375497 0.52761621 0.56218487 0.48318631 0.55449807 0.43390993
 0.40312882 0.39576715 0.43379848 0.58784959 0.44407179 0.56192564
 0.38707185 0.67086861 0.63568552 0.49245455 0.54972411 0.55584514
 0.49722635 0.41266164 0.31738517 0.45668454 0.59382078 0.5019255
 0.44588027 0.47153108 0.47392098 0.51764555 0.52540969 0.46499533
 0.49063377 0.55357205 0.55266229 0.45611296 0.43061208 0.44229713
 0.51751282 0.49143012 0.49354519 0.50749319 0.44374682 0.42684471
 0.5091206  0.44537642 0.49794589],[2, 39.68005943470546, 20.836127399739556, 39.64388990279292, 20.835840404015805, nan, nan, 2, 2, 2, 1, 2, 1, 2, 2, 1, 2, 1, 1, 1, 1, 2, 1, 2, 1, 2, 2, 1, 2, 2, 1, 1, 1, 1, 2, 2, 1, 1, 1, 2, 2, 1, 1, 2, 2, 1, 1, 1, 2, 1, 1, 2, 1, 1, 2, 1, 1]
24,[0.47876003 0.41007043 0.48082711 0.59186915 0.2842471  0.46624236
 0.4973503  0.44379055 0.48618896 0.55174354 0.45243506 0.43705766
 0.54039986 0.41903854 0.51537199 0.64665734 0.4824199  0.66260507
 0.39070314 0.6860694  0.50630999 0.31299162 0.40301892 0.39276097
 0.46248994 0.66376097 0.51280661 0.65835349 0.62420179 0.49817727
 0.38349066 0.4723587  0.69647674 0.62543025 0.31007861 0.47950406
 0.52076365 0.44965274 0.67067853 0.42053792 0.51515695 0.53815995
 0.60760106 0.37825097 0.36879415 0.49172725 0.19903416 0.40097175
 0.31623285 0.37707557 0.45320791 0.43689638 0.54444732 0.55106974
 0.39170315 0.53345949 0.52318585],[2, 39.66198074965707, 20.847082918309717, 39.68931709662871, 20.81395969777663, nan, nan, 1, 1, 2, 1, 1, 2, 1, 2, 2, 1, 2, 1, 2, 2, 1, 1, 1, 1, 2, 2, 2, 2, 1, 1, 1, 2, 2, 1, 1, 2, 1, 2, 1, 2, 2, 2, 1, 1, 1, 1, 1, 1, 1, 1, 1, 2, 2, 1, 2, 2]
25,[0.35883794 0.31340798 0.4650465  0.59697791 0.32748585 0.45958594
 0.44902968 0.4355426  0.48257754 0.44291747 0.34896325 0.41392682
 0.56207831 0.49427416 0.60323964 0.66176822 0.2064695  0.65279309
 0.435778   0.42748131 0.39808005 0.46506747 0.62002548 0.42463367
 0.36985032 0.54433411 0.43687571 0.48735139 0.48533139 0.65291405
 0.48089635 0.56226957 0.58631744 0.37410534 0.48503697 0.42980271
 0.49624503 0.53939969 0.5469287  0.40412434 0.55056606 0.54309
 0.49374974 0.42783386 0.44307315 0.46223808 0.48915205 0.60232136
 0.46070208 0.47201024 0.44074273 0.46234762 0.49668046 0.47975882
 0.32949614 0.51969632 0.59150921],[2, 39.64744600360586, 20.844423925366996, 39.69008528006896, 20.821245313646898, nan, nan, 1, 1, 1, 1, 1, 2, 1, 2, 2, 1, 2, 1, 1, 1, 1, 2, 1, 1, 2, 1, 1, 1, 2, 1, 2, 2, 1, 1, 1, 1, 2, 2, 1, 2, 2, 1, 1, 1, 1, 1, 2, 1, 1, 1, 1, 1, 1, 1, 2, 2]
