1,[0.58780483 0.1288616  0.49094549 0.4921152  0.417571   0.56441989
 0.46951736 0.38934713 0.42215485 0.53005028 0.58257337 0.44824737
 0.52616887 0.43464653 0.56801927 0.54740703 0.4289152  0.64294186
 0.59041787 0.55089606 0.51008896 0.45535285 0.51610307 0.65176461
 0.53999106 0.44171586 0.45352587 0.38019512 0.45711631 0.52558115
 0.5657928  0.54682964 0.54991523 0.62258879 0.53055355 0.45824545
 0.53054678 0.59309085 0.57260547 0.55992615 0.58271458 0.59938448
 0.59555772 0.50328625 0.41183577 0.59638557 0.55226483 0.53573844
 0.39167662 0.39082058 0.59843045 0.49702459 0.40702563 0.53534658
 0.50840293 0.53271585 0.54071588],[2, 39.619696503793584, 20.848787837822407, 39.674317493772726, 20.836424428631485, nan, nan, 1, 1, 2, 2, 1, 2, 1, 2, 2, 1, 2, 2, 2, 2, 1, 2, 2, 2, 1, 1, 1, 1, 2, 2, 2, 2, 2, 2, 1, 2, 2, 2, 2, 2, 2, 2, 2, 1, 2, 2, 2, 1, 1, 2, 1, 1, 2, 2, 2, 2]
2,[0.56219088 0.53442056 0.38584003 0.23983677 0.507704   0.48333874
 0.38820628 0.53231456 0.59537848 0.54798776 0.47167869 0.54943885
 0.51303544 0.50796246 0.45784359 0.45314879 0.52051444 0.49402044
 0.42277681 0.50520049 0.56714056 0.6133192  0.46523754 0.51360721
 0.45650074 0.43878643 0.50408893 0.57185137 0.42624638 0.45026969
 0.49309352 0.41887424 0.41298699 0.50992735 0.56315222 0.56521219
 0.48642365 0.46043902 0.48332433 0.49493967 0.43680671 0.41618167
 0.49099347 0.56108398 0.4935178  0.43092888 0.58939662 0.46087979
 0.60528177 0.56468724 0.52391736 0.59722848 0.46162531 0.46468942
 0.56710062 0.50892321 0.46058237],[2, 39.68067878159127, 20.8310778416753, 39.636383395993896, 20.851611604375982, nan, nan, 2, 2, 2, 1, 2, 2, 2, 1, 1, 2, 1, 1, 2, 2, 2, 1, 2, 1, 1, 2, 2, 1, 1, 1, 1, 1, 2, 2, 2, 1, 1, 1, 1, 1, 1, 1, 2, 1, 1, 2, 1, 2, 2, 2, 2, 1, 1, 2, 2, 1]
3,[0.52762845 0.253845   0.4956308  0.49835028 0.40738923 0.60409859
 0.49886188 0.44093218 0.48251107 0.58658118 0.34108216 0.48321184
 0.50167313 0.44741953 0.56476531 0.51430777 0.47277015 0.56738025
 0.62072827 0.51717157 0.40941285 0.34979966 0.42574955 0.6142357
 0.50141533 0.5616093  0.40383099 0.45256654 0.45077797 0.43802849
 0.53832583 0.60987159 0.56839742 0.69524941 0.52678192 0.47825823
 0.57828202 0.56284425 0.58288685 0.45139861 0.57445568 0.54036109
 0.49400582 0.50490634 0.4816029  0.51686618 0.58375891 0.36616844
 0.40596338 0.40561374 0.42270026 0.4427037  0.5267178  0.56726228
 0.70905263 0.5479606  0.48858988],[2, 39.638489757979485, 20.84957730073573, 39.675255038185284, 20.83470882664495, nan, nan, 1, 1, 2, 1, 1, 2, 1, 2, 2, 1, 2, 2, 2, 1, 1, 1, 2, 2, 2, 1, 1, 1, 1, 2, 2, 2, 2, 2, 1, 2, 2, 2, 1, 2, 2, 1, 2, 1, 2, 2, 1, 1, 1, 1, 1, 2, 2, 2, 2, 1]
4,[0.45711715 0.14678264 0.4909189  0.51866258 0.40581273 0.41546776
 0.57406858 0.50399149 0.39787024 0.51225761 0.52833296 0.44299127
 0.56237554 0.43842567 0.55996053 0.52611076 0.35957343 0.55905276
 0.59401305 0.50791574 0.59185534 0.42360659 0.60568572 0.48030371
 0.62474419 0.58856776 0.48069343 0.47831425 0.46888197 0.67327927
 0.54099076 0.58149515 0.56159494 0.50266692 0.58327988 0.37120373
 0.61540639 0.53390478 0.56297056 0.33672055 0.50587222 0.52773526
 0.5124419  0.31261294 0.56632049 0.62894182 0.38949717 0.56297363
 0.46665664 0.3417294  0.58698046 0.39981241 0.56278423 0.60556277
 0.51391943 0.56514324 0.53558794],[2, 39.622391218646676, 20.848783357712513, 39.67830931713991, 20.83444318975999, nan, nan, 2, 1, 2, 2, 1, 2, 1, 2, 2, 1, 2, 2, 2, 2, 1, 2, 1, 2, 2, 1, 1, 1, 2, 2, 2, 2, 2, 2, 1, 2, 2, 2, 1, 2, 2, 2, 1, 2, 2, 1, 2, 1, 1, 2, 1, 2, 2, 2, 2, 2]
5,[0.53784598 0.31191911 0.42078036 0.50756157 0.41776828 0.48474921
 0.57658556 0.6552325  0.56340318 0.49764541 0.52460488 0.39394548
 0.51687099 0.33082684 0.57272565 0.63608239 0.38510919 0.59142258
 0.55045059 0.53755416 0.42140998 0.48070201 0.56409109 0.37402473
 0.57610555 0.53173478 0.33014326 0.42742163 0.48596265 0.53493306
 0.47957882 0.41811459 0.59428684 0.54795408 0.56840032 0.49482532
 0.47046441 0.66137808 0.57500645 0.50727952 0.61643    0.55266542
 0.53725847 0.44753556 0.49780585 0.50840953 0.4552287  0.55720557
 0.48253211 0.44078953 0.4906952  0.51118106 0.52091747 0.52179619
 0.65064014 0.5220596  0.60806447],[2, 39.64722212963785, 20.83696519697558, 39.67664010276364, 20.836457668359113, nan, nan, 2, 2, 1, 2, 1, 2, 1, 2, 2, 1, 2, 2, 2, 1, 1, 2, 1, 2, 2, 1, 1, 1, 2, 1, 1, 2, 2, 2, 1, 1, 2, 2, 2, 2, 2, 2, 1, 1, 2, 1, 2, 1, 1, 1, 2, 2, 2, 2, 2, 2]
6,[0.41117956 0.50865487 0.41248493 0.1895305  0.50243041 0.41510273
 0.44989173 0.64739351 0.64722163 0.47861437 0.46901273 0.5914182
 0.37484921 0.55605609 0.4820034  0.37271775 0.62297358 0.40430721
 0.44550819 0.42329261 0.48603681 0.53257128 0.43614381 0.47377759
 0.43162562 0.40085902 0.52738249 0.5199775  0.5215069  0.4751415
 0.44720459 0.49929966 0.45451405 0.50616231 0.56188301 0.52081811
 0.39731181 0.50813905 0.45187207 0.55567543 0.36991646 0.42105518
 0.49971414 0.52448836 0.4770549  0.40531728 0.51715162 0.49421125
 0.6027044  0.52344375 0.59764413 0.56525901 0.42524547 0.46541477
 0.45161781 0.39458257 0.39802329],[2, 39.67680449774174, 20.83556743758919, 39.6288190429306, 20.850723017627484, nan, nan, 2, 2, 1, 1, 2, 1, 2, 1, 1, 2, 1, 1, 1, 1, 2, 1, 1, 1, 1, 2, 2, 2, 1, 1, 1, 1, 2, 2, 2, 1, 2, 1, 2, 1, 1, 1, 2, 1, 1, 2, 1, 2, 2, 2, 2, 1, 1, 1, 1, 1]
7,[0.37848307 0.5274138  0.40446923 0.20050536 0.51076606 0.57719416
 0.49729785 0.5221662  0.52516738 0.48556093 0.46342914 0.68545232
 0.47574568 0.5374529  0.42758237 0.45396051 0.55988317 0.51238304
 0.41942554 0.44305941 0.5867615  0.59804381 0.42103379 0.51911165
 0.41708731 0.46668792 0.6476102  0.55027173 0.56726256 0.50870471
 0.4400609  0.43422814 0.50245134 0.43721102 0.4656587  0.63335995
 0.45744897 0.39397101 0.49919794 0.61450003 0.4248579  0.39184391
 0.47930853 0.64958189 0.50111463 0.45583937 0.3929282  0.49528011
 0.52591693 0.53601636 0.53369878 0.51293326 0.47866286 0.48677398
 0.38884826 0.50636689 0.40726668],[2, 39.67962520401648, 20.834216814146867, 39.630469289380564, 20.852127552494235, nan, nan, 2, 2, 1, 1, 2, 1, 2, 1, 1, 2, 2, 1, 1, 2, 2, 1, 2, 1, 1, 2, 2, 2, 2, 1, 1, 2, 1, 1, 2, 1, 1, 1, 2, 1, 1, 1, 2, 2, 1, 1, 1, 2, 2, 2, 2, 1, 1, 1, 2, 1]
8,[0.54719424 0.5134076  0.41991316 0.25895293 0.46443279 0.47803013
 0.53738431 0.53851137 0.51087692 0.50435    0.4588862  0.53096489
 0.4492404  0.50138999 0.48064735 0.44221047 0.57759868 0.48479317
 0.5534115  0.39684366 0.46532778 0.56664565 0.57636541 0.57553851
 0.4577928  0.50909269 0.50032473 0.65881017 0.44610993 0.38976931
 0.48395511 0.63355073 0.51282453 0.4543374  0.47404584 0.51489243
 0.50007238 0.46708743 0.46570387 0.54410661 0.44402392 0.50009965
 0.4757577  0.64465058 0.54156461 0.47097283 0.52982319 0.48693317
 0.58490935 0.58067904 0.57895141 0.52513278 0.45104302 0.49409014
 0.67463992 0.44944908 0.40173665],[2, 39.67751914743942, 20.836819075854194, 39.63925781608781, 20.844320518287336, nan, nan, 2, 2, 2, 1, 2, 1, 2, 1, 1, 2, 1, 2, 1, 1, 2, 2, 2, 1, 2, 2, 2, 1, 1, 1, 2, 2, 1, 1, 2, 2, 1, 1, 2, 1, 2, 1, 2, 2, 1, 2, 1, 2, 2, 2, 2, 1, 1, 2, 1, 1]
9,[0.43642212 0.52269738 0.35907178 0.19164607 0.52094023 0.50704749
 0.50849382 0.52472515 0.5811092  0.23955475 0.34824612 0.57780653
 0.34418135 0.50012555 0.45791062 0.35586417 0.57444211 0.36424337
 0.46236327 0.42666109 0.45472908 0.61341255 0.34832713 0.50768217
 0.64300579 0.48216923 0.53086318 0.56326576 0.57540963 0.41979904
 0.63507382 0.48392364 0.49020626 0.69552496 0.46682148 0.67756725
 0.46541738 0.42255256 0.46544951 0.38337327 0.34329625 0.44532247
 0.46242912 0.53168503 0.37608837 0.27185848 0.31257422 0.5270397
 0.55337063 0.75523294 0.31847464 0.54320624 0.50403948 0.41520559
 0.59530357 0.35570106 0.42811546],[2, 39.67891601353511, 20.826567461669324, 39.62913715325179, 20.853841874273918, nan, nan, 2, 2, 1, 1, 2, 1, 2, 1, 1, 2, 1, 1, 1, 1, 2, 1, 2, 2, 1, 2, 2, 2, 1, 2, 1, 1, 2, 1, 2, 1, 1, 1, 1, 1, 1, 1, 2, 1, 1, 1, 2, 2, 2, 1, 2, 2, 1, 2, 1, 1]
10,[0.58206597 0.27881006 0.4571911  0.52299116 0.4335265  0.40719712
 0.51882566 0.44987797 0.43001527 0.41428318 0.63514934 0.49495119
 0.53582355 0.49409435 0.49368284 0.44029051 0.4394823  0.52587485
 0.53658978 0.58582423 0.43660385 0.48459776 0.50998321 0.4009581
 0.52346531 0.57070232 0.46842782 0.48196912 0.4783937  0.54545961
 0.51461237 0.4704454  0.60080293 0.4898188  0.47501923 0.47388763
 0.51449195 0.5832749  0.49815777 0.51482624 0.52802851 0.56346136
 0.57495338 0.44814328 0.5221719  0.57775979 0.42799021 0.59623908
 0.48644274 0.46128881 0.43680313 0.48077995 0.59769115 0.51479634
 0.58942519 0.44506976 0.52095154],[2, 39.64224365332472, 20.843100311681308, 39.67896018832031, 20.83911288839848, nan, nan, 1, 1, 1, 2, 1, 2, 1, 1, 1, 1, 2, 2, 2, 1, 1, 2, 1, 2, 2, 1, 1, 1, 2, 2, 1, 2, 1, 1, 1, 2, 2, 1, 2, 2, 2, 2, 1, 2, 2, 1, 2, 1, 1, 1, 1, 2, 2, 2, 1, 2]
11,[0.40968794 0.63273858 0.31178631 0.35883268 0.40821011 0.48505443
 0.48095635 0.49433188 0.56380094 0.52995306 0.486572   0.54605614
 0.40994531 0.63982012 0.45429521 0.64475865 0.5522063  0.44067641
 0.45284775 0.48289801 0.5480933  0.55491559 0.35456165 0.49891287
 0.49367071 0.45224723 0.53344499 0.68246129 0.50594167 0.50261231
 0.59761852 0.50138773 0.45485093 0.52484297 0.53573196 0.54235342
 0.51081997 0.63201579 0.45516644 0.61075455 0.42714373 0.43264796
 0.44818946 0.51762129 0.53045761 0.54442477 0.55468262 0.50176475
 0.62980492 0.53168681 0.58549464 0.65075672 0.33364937 0.68747918
 0.4118549  0.4545813  0.4569743 ],[2, 39.69546246897163, 20.81859998191683, 39.65427633454922, 20.83484714142846, nan, nan, 1, 2, 2, 1, 2, 1, 2, 1, 2, 2, 1, 1, 1, 2, 2, 1, 1, 1, 1, 2, 2, 2, 2, 2, 2, 1, 2, 2, 2, 2, 2, 1, 2, 1, 1, 1, 2, 2, 2, 2, 2, 2, 2, 2, 2, 1, 2, 1, 1, 1]
12,[0.50871901 0.56471306 0.323258   0.32707986 0.47395548 0.49540412
 0.5776707  0.50277203 0.53012185 0.6088003  0.44129291 0.38349519
 0.48291264 0.54822463 0.42324431 0.48787449 0.39511206 0.44867032
 0.50950553 0.49815849 0.55689814 0.58257962 0.44123175 0.49061864
 0.53427134 0.45900044 0.53406795 0.54794397 0.59246394 0.56369525
 0.51373681 0.56014135 0.49409296 0.51854068 0.54265725 0.579409
 0.5030493  0.47749405 0.48506327 0.54737539 0.47908574 0.47179449
 0.45603757 0.57785957 0.51598792 0.49504896 0.5081757  0.59846655
 0.54711747 0.49502352 0.4316946  0.63499528 0.47200207 0.44990416
 0.42053862 0.481879   0.44148153],[2, 39.68523374408445, 20.820532933250494, 39.64950178949063, 20.84592506567206, nan, nan, 2, 2, 2, 1, 1, 1, 2, 1, 1, 1, 1, 2, 1, 2, 2, 1, 1, 2, 1, 2, 2, 2, 2, 2, 2, 1, 2, 2, 2, 2, 1, 1, 2, 1, 1, 1, 2, 2, 1, 2, 2, 2, 1, 1, 2, 1, 1, 1, 1, 1]
13,[0.35826514 0.68016176 0.22622356 0.41195336 0.45797975 0.6002556
 0.55880373 0.57932695 0.5979379  0.54512283 0.4511909  0.55334821
 0.47664725 0.59498467 0.44871554 0.40030927 0.38924347 0.46481215
 0.66914115 0.44434242 0.53852552 0.51228072 0.58287211 0.54426843
 0.55739893 0.48647448 0.55743899 0.54717991 0.4904521  0.54452748
 0.61182487 0.63392331 0.50728043 0.52194587 0.56073678 0.61699045
 0.47549246 0.52466462 0.51542095 0.51296924 0.46728842 0.44296459
 0.39862039 0.64326492 0.55732597 0.57637081 0.56348439 0.63493975
 0.53457424 0.67670441 0.54439544 0.57890467 0.40146533 0.54345025
 0.62845307 0.43218012 0.48703832],[2, 39.702593303422375, 20.804182881405566, 39.66226387875655, 20.843233197322792, nan, nan, 2, 2, 2, 1, 2, 1, 2, 1, 1, 1, 1, 2, 1, 2, 2, 2, 2, 2, 1, 2, 2, 1, 2, 2, 2, 2, 2, 2, 2, 1, 2, 2, 2, 1, 1, 1, 2, 2, 2, 2, 2, 2, 2, 2, 2, 1, 2, 2, 1, 1]
14,[0.57369791 0.59472787 0.31751086 0.37288145 0.44882354 0.49894816
 0.46200824 0.4135951  0.52270978 0.55908449 0.5074269  0.54478691
 0.33084035 0.57573697 0.35560644 0.47158006 0.52202787 0.47362021
 0.527937   0.46668396 0.49285768 0.58022796 0.53043511 0.61633168
 0.36830282 0.51329623 0.55265036 0.59111279 0.53848583 0.53129667
 0.42467459 0.51139429 0.47296691 0.58276385 0.55868744 0.59888892
 0.56349746 0.35777159 0.49053406 0.61726296 0.47054631 0.47387868
 0.45737905 0.53983205 0.58259263 0.61851549 0.60048823 0.50375208
 0.5085087  0.56307315 0.51074226 0.48704709 0.45404074 0.47665857
 0.55758492 0.33589472 0.42716549],[2, 39.68974695120314, 20.81956455457573, 39.65638879245538, 20.841690398751577, nan, nan, 1, 2, 2, 2, 2, 1, 2, 1, 1, 2, 1, 2, 1, 1, 2, 2, 2, 1, 2, 2, 2, 2, 2, 1, 2, 1, 2, 2, 2, 2, 1, 1, 2, 1, 1, 1, 2, 2, 2, 2, 2, 2, 2, 2, 1, 1, 1, 2, 1, 1]
15,[0.52239419 0.19606214 0.48802823 0.50663868 0.41646447 0.68614689
 0.63484481 0.431534   0.4025844  0.57474681 0.58928091 0.45612598
 0.54587668 0.45153459 0.50498304 0.53996529 0.35149475 0.55995824
 0.59912892 0.52682194 0.51615124 0.53065632 0.51439652 0.45397581
 0.5063599  0.54953756 0.49005034 0.50078901 0.548622   0.54426119
 0.54392726 0.5404131  0.52702202 0.5253623  0.48968302 0.48491869
 0.51869159 0.59102967 0.50989509 0.47150227 0.52148171 0.58134505
 0.52745249 0.45736582 0.53272263 0.46016795 0.44519116 0.51039961
 0.40271091 0.4448453  0.41835046 0.42808182 0.54391681 0.51984236
 0.51730012 0.60637465 0.52122761],[2, 39.62980118042305, 20.848296287539657, 39.6765013318191, 20.836237980525276, nan, nan, 1, 1, 2, 2, 1, 2, 1, 2, 2, 1, 2, 2, 2, 2, 2, 2, 1, 2, 2, 1, 2, 2, 2, 2, 2, 2, 2, 1, 1, 2, 2, 2, 1, 2, 2, 2, 1, 2, 1, 1, 2, 1, 1, 1, 1, 2, 2, 2, 2, 2]
16,[0.48215342 0.53422101 0.34328011 0.23188931 0.46854921 0.63742395
 0.37462652 0.53285899 0.52919502 0.63451347 0.43601888 0.57712452
 0.47410814 0.74984653 0.46654834 0.48668068 0.54303117 0.33678643
 0.51397516 0.46212817 0.5461503  0.56869145 0.63868046 0.42999054
 0.4125463  0.42031789 0.52043062 0.6405456  0.68711182 0.49715137
 0.39937285 0.45443703 0.35035697 0.40801275 0.41860207 0.53398233
 0.47816302 0.45154867 0.44675408 0.53392759 0.47984387 0.47200764
 0.46469026 0.62522216 0.56297999 0.58414423 0.60089223 0.42477884
 0.52521344 0.70198326 0.38319006 0.70115784 0.43249437 0.47599304
 0.48740427 0.4436553  0.48653716],[2, 39.680648776154115, 20.823906606404673, 39.63518836806248, 20.845014123139382, nan, nan, 2, 2, 2, 1, 2, 1, 2, 1, 1, 2, 1, 2, 1, 2, 2, 2, 1, 1, 1, 2, 2, 2, 1, 1, 1, 1, 1, 1, 2, 1, 1, 1, 2, 1, 1, 1, 2, 2, 2, 2, 1, 2, 2, 1, 2, 1, 1, 1, 1, 1]
17,[0.53149554 0.3393589  0.44921519 0.61380427 0.29343833 0.5574686
 0.55027729 0.50638839 0.37455639 0.45600179 0.53335618 0.44352691
 0.5687294  0.49071021 0.56488713 0.53296044 0.33215678 0.59912058
 0.55266504 0.60065558 0.43758476 0.35552819 0.42368172 0.50136336
 0.4218962  0.52461923 0.44180927 0.48599952 0.43190457 0.61851577
 0.51139729 0.31867019 0.59499122 0.39620098 0.47026807 0.4666675
 0.41738341 0.51396145 0.62252458 0.47088321 0.55182997 0.51235549
 0.59028705 0.51326526 0.48128305 0.42469255 0.41160494 0.44636886
 0.43256833 0.36677726 0.47341558 0.41088585 0.56272034 0.53440797
 0.5015522  0.54724002 0.61863694],[2, 39.651348140149224, 20.8417563909381, 39.69261539345216, 20.81550839495005, nan, nan, 2, 1, 1, 2, 1, 2, 1, 2, 2, 1, 2, 2, 2, 1, 1, 1, 2, 1, 2, 1, 1, 1, 2, 2, 1, 2, 1, 1, 1, 1, 2, 2, 1, 2, 2, 2, 2, 1, 1, 1, 1, 1, 1, 1, 1, 2, 2, 2, 2, 2]
18,[0.56487903 0.19942023 0.48753522 0.52357184 0.39261802 0.67499149
 0.47639836 0.46541661 0.41618466 0.77444395 0.51557744 0.40545355
 0.48725488 0.30280868 0.49793976 0.65654424 0.40795625 0.61257676
 0.62864863 0.60458109 0.55366    0.35040906 0.55875605 0.4788504
 0.55957572 0.62395462 0.45832172 0.42937007 0.49211986 0.57724993
 0.4229703  0.43252669 0.58263344 0.52841953 0.37489013 0.33712191
 0.65510498 0.60931165 0.59440788 0.51271433 0.56723864 0.52079717
 0.50676834 0.42348503 0.53595966 0.5417095  0.39853448 0.55117109
 0.33528591 0.56605595 0.39032609 0.2722706  0.55558277 0.67903285
 0.37232027 0.7032001  0.58001985],[2, 39.630306121769124, 20.848213217216173, 39.679047502931894, 20.832219915932495, nan, nan, 1, 1, 2, 2, 1, 1, 1, 1, 2, 1, 2, 2, 2, 2, 1, 2, 1, 2, 2, 1, 1, 1, 2, 1, 1, 2, 2, 1, 1, 2, 2, 2, 2, 2, 2, 2, 1, 2, 2, 1, 2, 1, 2, 1, 1, 2, 2, 1, 2, 2]
19,[0.36625107 0.25967858 0.49637154 0.54058493 0.38335619 0.54069009
 0.50489862 0.43039088 0.39020548 0.55345778 0.39651724 0.45439096
 0.542187   0.46312606 0.50293015 0.54857042 0.4557429  0.53110487
 0.5584185  0.54189664 0.62191446 0.41823257 0.54644351 0.54110191
 0.57002123 0.57356297 0.48163128 0.43315672 0.40360886 0.627109
 0.45020172 0.52623992 0.58601667 0.53236794 0.44445329 0.42338761
 0.56344361 0.60654454 0.57613063 0.47646239 0.54568129 0.48865214
 0.62049387 0.40319268 0.45638287 0.50871985 0.45110408 0.43837798
 0.42303078 0.4384967  0.25161495 0.3771179  0.5030099  0.51849189
 0.51076839 0.62205374 0.65239206],[2, 39.63936692999264, 20.849702113723964, 39.681605693111486, 20.830659321824744, nan, nan, 1, 1, 2, 1, 1, 2, 1, 2, 2, 1, 2, 2, 2, 2, 1, 2, 2, 2, 2, 1, 1, 1, 2, 1, 2, 2, 2, 1, 1, 2, 2, 2, 1, 2, 1, 2, 1, 1, 2, 1, 1, 1, 1, 1, 1, 2, 2, 2, 2, 2]
20,[0.58460441 0.25561364 0.45496597 0.54118598 0.4114447  0.45994978
 0.62059682 0.4796655  0.46729408 0.61283874 0.49280432 0.50239334
 0.57445544 0.48546137 0.5867215  0.52714077 0.40785061 0.49052247
 0.5655214  0.5364209  0.49859332 0.45305278 0.46093873 0.484619
 0.59582571 0.52442028 0.46135968 0.4352441  0.4510987  0.53520398
 0.53619037 0.64536903 0.54334694 0.44973808 0.51527513 0.33783636
 0.56301296 0.51452405 0.58686734 0.47078075 0.5503483  0.61920774
 0.54749166 0.45141094 0.45536798 0.51447576 0.5073118  0.39326278
 0.44265027 0.35734403 0.50479144 0.47056635 0.58838711 0.53538187
 0.61960553 0.49193335 0.6550088 ],[2, 39.638755701223836, 20.84272538250005, 39.68169607077651, 20.83539216243582, nan, nan, 1, 1, 2, 1, 2, 2, 1, 2, 2, 1, 1, 2, 2, 1, 1, 1, 1, 2, 2, 1, 1, 1, 2, 2, 2, 2, 1, 2, 1, 2, 2, 2, 1, 2, 2, 2, 1, 1, 2, 2, 1, 1, 1, 2, 1, 2, 2, 2, 1, 2]
21,[0.43578751 0.0650065  0.51878485 0.5054304  0.42134918 0.69289511
 0.35501619 0.31551128 0.45975959 0.53526178 0.71179197 0.49091812
 0.59286691 0.44194075 0.5526309  0.51300966 0.55679769 0.69703503
 0.65817977 0.54147651 0.54734388 0.36097973 0.55274845 0.56153015
 0.57024794 0.55140604 0.37210232 0.42067135 0.51363366 0.58031976
 0.52898501 0.50924445 0.61841981 0.52215403 0.54722584 0.38071553
 0.53528306 0.53775201 0.60124494 0.57408552 0.58663615 0.72402731
 0.69919963 0.30033721 0.53410225 0.53893152 0.32521193 0.51254829
 0.34736213 0.34513266 0.64069995 0.43404702 0.54468316 0.57938904
 0.66306076 0.62530004 0.59912546],[2, 39.61009486750704, 20.853478698133546, 39.676319647585075, 20.837061041176042, nan, nan, 1, 1, 2, 2, 1, 2, 1, 2, 2, 2, 2, 2, 2, 2, 1, 2, 2, 2, 2, 1, 1, 2, 2, 2, 2, 2, 2, 2, 1, 2, 2, 2, 2, 2, 2, 2, 1, 2, 2, 1, 2, 1, 1, 2, 1, 2, 2, 2, 2, 2]
22,[0.48635981 0.31086556 0.50489856 0.58977258 0.36255995 0.47792498
 0.40054653 0.39437292 0.42107171 0.42433753 0.44021526 0.45945662
 0.52341852 0.5037137  0.51933885 0.51763708 0.44417733 0.58892351
 0.51640557 0.57644315 0.37549588 0.39359284 0.35345513 0.59769856
 0.47956976 0.55310065 0.36398592 0.38425015 0.49345031 0.44425367
 0.57278608 0.60834933 0.58887785 0.4809697  0.39879134 0.46656484
 0.60063188 0.58990844 0.52467047 0.49897347 0.53097563 0.57698699
 0.49651871 0.43550388 0.57863232 0.43668496 0.48319203 0.67546269
 0.45319954 0.48221837 0.51307429 0.45804194 0.57656185 0.51571639
 0.55205194 0.52093284 0.64926488],[2, 39.64706371027403, 20.851138894034204, 39.68900184303601, 20.82715520921973, nan, nan, 1, 1, 1, 1, 1, 2, 2, 2, 2, 1, 2, 2, 2, 1, 1, 1, 2, 1, 2, 1, 1, 1, 1, 2, 2, 2, 1, 1, 1, 2, 2, 2, 1, 2, 2, 1, 1, 2, 1, 1, 2, 1, 1, 2, 1, 2, 2, 2, 2, 2]
23,[0.6080954  0.58553934 0.29871804 0.38417152 0.49452142 0.58210568
 0.60418783 0.50424439 0.49365174 0.49733642 0.5037443  0.59250945
 0.4724858  0.55118696 0.40558672 0.46768439 0.53225267 0.41604163
 0.74358962 0.45036008 0.5173097  0.51193575 0.5193407  0.57330804
 0.52361076 0.47549965 0.52903327 0.49761547 0.56150632 0.51378907
 0.66378707 0.52581485 0.48344481 0.56146276 0.56164871 0.52009296
 0.56390844 0.48784927 0.52593036 0.56258566 0.48523838 0.48465984
 0.34482855 0.57608374 0.57680943 0.43547979 0.58819157 0.64722676
 0.6097716  0.62064379 0.44107541 0.56777153 0.39811041 0.42366058
 0.50828102 0.44458373 0.46529801],[2, 39.688365308977986, 20.81639801286238, 39.6580864346605, 20.849390373638926, nan, nan, 2, 1, 1, 2, 2, 1, 2, 1, 1, 2, 1, 2, 1, 2, 2, 2, 2, 2, 1, 2, 1, 2, 2, 2, 2, 1, 2, 2, 2, 2, 1, 2, 2, 1, 1, 1, 2, 2, 1, 2, 2, 2, 2, 1, 2, 1, 1, 2, 1, 1]
24,[0.41938453 0.59625009 0.3119489  0.29498887 0.4599195  0.53986402
 0.50684785 0.56240027 0.54214256 0.55434366 0.5060451  0.55995042
 0.4811701  0.56831343 0.45744496 0.39465636 0.42054026 0.4391765
 0.59718383 0.40428915 0.48388666 0.54220412 0.56471891 0.60629466
 0.56095618 0.41142563 0.49104687 0.53314699 0.52441856 0.43549379
 0.50459759 0.44912934 0.4233215  0.39705815 0.55492386 0.52879855
 0.49702737 0.61601302 0.48327916 0.52095916 0.39205055 0.50747986
 0.37711299 0.53290652 0.5211194  0.55553301 0.51263264 0.54563561
 0.51534286 0.55033926 0.42600456 0.56154401 0.46124394 0.4596876
 0.55774481 0.43374488 0.40253   ],[2, 39.68997584046191, 20.818627378968767, 39.64467639640119, 20.84356004010623, nan, nan, 2, 2, 2, 2, 2, 1, 2, 1, 1, 1, 1, 2, 1, 1, 2, 2, 2, 2, 1, 1, 2, 2, 1, 2, 1, 1, 1, 2, 2, 1, 2, 1, 2, 1, 2, 1, 2, 2, 2, 2, 2, 2, 2, 1, 2, 1, 1, 2, 1, 1]
25,[0.58107602 0.60265918 0.29787836 0.39275039 0.46273797 0.6073457
 0.50939982 0.63845878 0.55303008 0.56286459 0.67880149 0.51893377
 0.45847867 0.60980277 0.39877496 0.38712943 0.38345338 0.42727549
 0.51251636 0.50397221 0.6638561  0.52158703 0.54962741 0.50146318
 0.51816353 0.42116332 0.63382013 0.53440641 0.53210979 0.40833547
 0.67370221 0.59277498 0.46660257 0.60795216 0.54976826 0.55350484
 0.55826131 0.41146764 0.54977107 0.6551478  0.42664993 0.42782612
 0.40786326 0.52498383 0.50540434 0.49466328 0.50262927 0.43120946
 0.54830998 0.61845054 0.51347365 0.53699815 0.34647932 0.51384744
 0.52631872 0.46502329 0.42293714],[2, 39.690939550017525, 20.816256529814154, 39.659376404660684, 20.844034945398423, nan, nan, 2, 2, 2, 2, 2, 1, 2, 1, 1, 1, 1, 2, 2, 2, 2, 2, 2, 2, 1, 2, 2, 2, 1, 2, 2, 1, 2, 2, 2, 2, 1, 2, 2, 1, 1, 1, 2, 2, 1, 2, 1, 2, 2, 2, 2, 1, 2, 2, 1, 1]
