1,[0.57960489 0.06615204 0.54455605 0.49065142 0.41347755 0.99999735
 1.         0.29032254 0.03942605 0.99999972 1.         0.00141356
 0.99971111 1.         1.         1.         0.99999864 0.9999995
 1.         0.99999076 1.         0.00313229 0.99998973 0.99999995
 0.99999414 1.         0.21347991 0.11634901 0.99980572 1.
 0.99999058 0.99999981 0.99987537 1.         0.99999999 0.00367682
 1.         1.         0.99999777 0.99999995 0.9999387  1.
 1.         0.33086809 0.99999983 0.99986381 1.         1.
 0.09327645 0.         1.         0.00279783 0.99999303 0.99999999
 0.99998936 1.         0.99999999],[2, 39.610267118058495, 20.85782107850307, 39.67409739099832, 20.835734692849694, nan, nan, 1, 1, 2, 2, 1, 2, 2, 2, 2, 2, 2, 2, 2, 2, 1, 2, 2, 2, 2, 1, 1, 2, 2, 2, 2, 2, 2, 2, 1, 2, 2, 2, 2, 2, 2, 2, 1, 2, 2, 2, 2, 1, 1, 2, 1, 2, 2, 2, 2, 2]
2,[0.44688815 0.71402418 0.16699561 0.41005272 0.46255433 1.
 0.99999212 1.         1.         0.99959904 0.99994097 1.
 0.99955918 1.         0.23982215 0.99981299 1.         0.28773196
 1.         0.40749327 0.99999971 0.9998836  0.99915746 1.
 0.99999893 0.30378313 0.99999909 0.99999991 0.99606757 0.99999942
 1.         0.99999993 0.         0.99999997 0.99999999 0.99999862
 1.         0.99996579 0.99992796 0.99999999 0.06001992 0.07390989
 0.06795457 0.99999002 0.99998115 0.99999996 0.99999998 1.
 0.99999484 1.         0.99999931 0.9999975  0.04175628 0.99646078
 1.         0.         1.        ],[2, 39.70768505940675, 20.794203126935138, 39.661978087694486, 20.844004001392417, nan, nan, 2, 2, 2, 2, 2, 2, 2, 1, 2, 2, 1, 2, 1, 2, 2, 2, 2, 2, 1, 2, 2, 2, 2, 2, 2, 1, 2, 2, 2, 2, 2, 2, 2, 1, 1, 1, 2, 2, 2, 2, 2, 2, 2, 2, 2, 1, 2, 2, 1, 2]
3,[0.54891355 0.70360714 0.17026572 0.41093759 0.46340309 0.99999998
 1.         1.         0.99940945 1.         0.99988357 0.99820965
 0.9999996  0.99908706 0.27011616 0.         1.         0.14828213
 1.         0.34955573 1.         0.99999995 0.99999513 1.
 0.99999969 0.03129071 0.99997485 1.         0.99988789 0.99999735
 0.99996084 1.         0.18808626 1.         1.         0.99999036
 0.99974969 1.         0.99972138 0.99999533 0.28961847 0.12785746
 0.10982107 0.99999993 0.99999999 0.99997937 0.99687611 0.99997188
 0.99999993 0.99999994 0.99999993 1.         1.         1.
 1.         0.0899724  0.99999756],[2, 39.70611869131893, 20.794754130956864, 39.66211114161252, 20.84414701649169, nan, nan, 2, 2, 2, 2, 2, 2, 2, 1, 1, 2, 1, 2, 1, 2, 2, 2, 2, 2, 1, 2, 2, 2, 2, 2, 2, 1, 2, 2, 2, 2, 2, 2, 2, 1, 1, 1, 2, 2, 2, 2, 2, 2, 2, 2, 2, 2, 2, 2, 1, 2]
4,[0.47446087 0.06247982 0.55808913 0.48463704 0.41493485 0.99999999
 0.99999911 1.         0.29435059 0.99999999 1.         0.
 0.99994584 1.         1.         1.         0.99991229 0.99999764
 0.99999742 1.         0.99997864 0.05193846 0.99999961 0.9981572
 0.99995162 1.         0.09265374 0.         1.         0.9999991
 1.         0.99999863 0.99999992 0.99976793 1.         0.43308577
 1.         1.         1.         0.99995847 1.         0.9998749
 0.99999905 0.18693536 0.99997143 0.99999952 1.         0.99999919
 0.10845408 0.4711103  1.         0.         0.99999999 0.99999839
 1.         1.         0.99998896],[2, 39.60971494113249, 20.86010136706216, 39.67319303273727, 20.835980242801156, nan, nan, 2, 1, 2, 2, 1, 2, 2, 2, 2, 2, 2, 2, 2, 2, 1, 2, 2, 2, 2, 1, 1, 2, 2, 2, 2, 2, 2, 2, 1, 2, 2, 2, 2, 2, 2, 2, 1, 2, 2, 2, 2, 1, 1, 2, 1, 2, 2, 2, 2, 2]
5,[0.50681008 0.42311723 0.49309758 0.58113249 0.29051333 0.99999373
 1.         1.         0.06705162 0.16081904 0.17908124 0.
 1.         0.0444592  0.99999951 0.99967384 0.32035715 0.99999999
 0.02199464 1.         0.32587896 0.99999996 0.         1.
 0.         1.         1.         0.33212601 0.27924746 0.10505574
 0.         0.02557487 1.         0.00459048 0.20341624 0.
 1.         0.         1.         0.         1.         1.
 1.         0.         1.         0.00558673 1.         0.26963111
 0.05804306 0.         1.         0.20009531 1.         0.
 0.01201475 1.         0.99998486],[2, 39.663942546111166, 20.849150459576688, 39.68770266795015, 20.815015541422714, nan, nan, 2, 1, 1, 1, 1, 2, 1, 2, 2, 1, 2, 1, 2, 1, 2, 1, 2, 1, 2, 2, 1, 1, 1, 1, 1, 2, 1, 1, 1, 2, 1, 2, 1, 2, 2, 2, 1, 2, 1, 2, 1, 1, 1, 2, 1, 2, 1, 1, 2, 2]
6,[0.46347726 0.70647119 0.19076507 0.40707633 0.46071039 1.
 0.9999999  0.99999906 0.96897217 0.99992881 0.99870507 1.
 0.08621947 0.99999999 0.03996769 0.         0.99999489 0.
 0.99998307 0.27827991 0.99999861 0.9999918  1.         1.
 1.         0.35566172 0.99999999 0.99999998 1.         1.
 1.         0.99999999 1.         0.99999993 0.9999992  0.99999999
 1.         1.         1.         0.99999712 0.         0.00745658
 0.         0.99067745 1.         0.99967937 0.99999998 0.99999694
 0.99999953 0.99985445 0.7745384  0.99999914 0.07866412 0.99999947
 0.99999855 1.         0.99999992],[2, 39.70654934770344, 20.79820821865725, 39.66153053918989, 20.84369330341544, nan, nan, 2, 2, 2, 2, 2, 1, 2, 1, 1, 2, 1, 2, 1, 2, 2, 2, 2, 2, 1, 2, 2, 2, 2, 2, 2, 2, 2, 2, 2, 2, 2, 2, 2, 1, 1, 1, 2, 2, 2, 2, 2, 2, 2, 2, 2, 1, 2, 2, 2, 2]
7,[0.54297648 0.07663636 0.54177127 0.49626683 0.41109521 0.40064386
 1.         0.11866643 0.02071424 0.99999459 0.99999991 0.0812912
 0.99999178 0.         1.         0.9999692  0.99953252 0.99999864
 1.         0.99932695 0.99914732 0.         0.99995775 1.
 0.99552268 0.96525874 0.00405644 0.01669647 0.96565687 0.99999702
 0.98584179 1.         0.99999998 0.99899617 0.99986201 0.
 0.99996964 0.99876003 0.99997215 0.99999972 0.9836872  0.99918769
 0.99855965 0.03691369 0.99998115 0.99789857 0.99999183 1.
 0.         0.04526461 0.99999587 0.         0.99944277 1.
 0.99957553 0.99707887 0.99999585],[2, 39.61184360293569, 20.85735184965597, 39.67494175745181, 20.835333273492626, nan, nan, 1, 1, 2, 2, 1, 2, 1, 2, 2, 2, 2, 2, 2, 2, 1, 2, 2, 2, 2, 1, 1, 2, 2, 2, 2, 2, 2, 2, 1, 2, 2, 2, 2, 2, 2, 2, 1, 2, 2, 2, 2, 1, 1, 2, 1, 2, 2, 2, 2, 2]
8,[4.48069558e-01 5.46607814e-02 5.52309330e-01 4.84661190e-01
 4.16023581e-01 9.99999937e-01 9.99939740e-01 0.00000000e+00
 0.00000000e+00 1.00000000e+00 9.99999899e-01 9.99999970e-01
 9.99999957e-01 9.99999884e-01 9.99999992e-01 9.22412335e-01
 9.99999847e-01 1.00000000e+00 9.73825574e-01 9.99980913e-01
 1.00000000e+00 0.00000000e+00 9.98825846e-01 9.99999783e-01
 1.00000000e+00 9.99999228e-01 4.00124187e-02 1.25012319e-01
 1.00000000e+00 9.99969341e-01 9.99999967e-01 1.00000000e+00
 9.99999880e-01 1.00000000e+00 9.99949004e-01 1.46617263e-01
 9.99998533e-01 9.99999858e-01 9.95545107e-01 9.99999180e-01
 1.00000000e+00 9.99991489e-01 9.99917944e-01 7.79726811e-04
 9.99997778e-01 9.99999829e-01 9.99996637e-01 9.99999987e-01
 0.00000000e+00 2.97386653e-02 9.99999822e-01 3.97590886e-01
 1.00000000e+00 9.99999981e-01 1.00000000e+00 9.99998966e-01
 9.99999999e-01],[2, 39.60853922305139, 20.859127486055264, 39.673196664451616, 20.836163691730622, nan, nan, 1, 1, 2, 2, 2, 2, 2, 2, 2, 2, 2, 2, 2, 2, 1, 2, 2, 2, 2, 1, 1, 2, 2, 2, 2, 2, 2, 2, 1, 2, 2, 2, 2, 2, 2, 2, 1, 2, 2, 2, 2, 1, 1, 2, 1, 2, 2, 2, 2, 2]
9,[0.56527465 0.71405365 0.16700827 0.41008946 0.46255649 0.99999692
 0.99999833 0.99999993 1.         0.99777961 0.99999996 0.98934099
 0.99999997 1.         0.         0.99999994 0.96326853 0.39809818
 0.9999935  0.04307791 0.99972622 0.99905097 0.99995002 0.97180089
 0.99999996 0.38445364 0.9997152  1.         0.94994798 0.96350269
 0.99999826 0.9992287  0.         0.99999141 0.99999969 0.99981532
 0.99331376 0.99970348 0.98236096 0.99779483 0.         0.
 0.01720885 0.99751159 0.99999976 1.         1.         1.
 0.99942456 1.         0.99890328 1.         0.15778392 0.99999795
 0.99234333 0.         0.99921363],[2, 39.707689491516454, 20.79420525889027, 39.661983611855526, 20.844004366549722, nan, nan, 2, 2, 2, 2, 2, 2, 2, 1, 2, 2, 1, 2, 1, 2, 2, 2, 2, 2, 1, 2, 2, 2, 2, 2, 2, 1, 2, 2, 2, 2, 2, 2, 2, 1, 1, 1, 2, 2, 2, 2, 2, 2, 2, 2, 2, 1, 2, 2, 1, 2]
10,[0.59497768 0.04806727 0.54279052 0.47416437 0.42478376 1.
 0.99999993 0.         0.12704547 1.         0.99999831 0.06605017
 0.99999989 0.9999946  1.         0.99999995 1.         0.99999926
 0.99999869 1.         0.99999895 0.99999953 0.99999999 1.
 1.         0.99972983 1.         0.15317852 0.9999795  0.99999668
 0.99999505 1.         0.99999996 0.99999256 1.         0.10790471
 0.99998853 1.         0.99999997 1.         0.99999984 1.
 0.99999992 0.0472825  1.         0.99999792 1.         0.99995666
 0.         1.         0.99999025 0.         0.99999986 1.
 1.         1.         1.        ],[2, 39.60754778333873, 20.857523591496413, 39.67161829891744, 20.83763975856609, nan, nan, 1, 1, 2, 2, 1, 2, 2, 2, 2, 2, 2, 2, 2, 2, 2, 2, 2, 2, 2, 2, 1, 2, 2, 2, 2, 2, 2, 2, 1, 2, 2, 2, 2, 2, 2, 2, 1, 2, 2, 2, 2, 1, 2, 2, 1, 2, 2, 2, 2, 2]
11,[0.59251026 0.06864835 0.53188667 0.48528311 0.41794478 0.99999984
 0.99893283 0.         0.00674284 0.99999984 0.99979994 0.47152536
 1.         0.99625857 0.99994962 0.99999999 0.99011628 0.99999999
 0.99786893 0.99967704 0.99784726 0.         0.99985031 0.99841949
 0.9999328  0.99996082 0.02435276 0.06970234 0.99998988 0.99963789
 0.99984411 1.         0.99973489 0.99999993 0.99999881 0.00384238
 0.99921329 0.99988297 0.99968873 0.99871546 0.99993668 0.96392133
 0.99942455 0.04577781 0.99961128 0.99999944 0.91452718 0.9994072
 0.00145801 1.         0.99693877 0.024179   0.99999384 0.99994563
 0.99997762 0.99998111 0.9998596 ],[2, 39.610642477500036, 20.855686320898812, 39.673290180356034, 20.83648740845574, nan, nan, 1, 1, 2, 2, 1, 2, 2, 2, 2, 2, 2, 2, 2, 2, 1, 2, 2, 2, 2, 1, 1, 2, 2, 2, 2, 2, 2, 2, 1, 2, 2, 2, 2, 2, 2, 2, 1, 2, 2, 2, 2, 1, 2, 2, 1, 2, 2, 2, 2, 2]
12,[0.5112216  0.06616088 0.54449951 0.49068266 0.41344113 1.
 0.99990774 0.05061011 0.05427683 1.         1.         0.05022109
 0.99999999 0.99986269 0.99999024 0.99992141 1.         0.99999993
 0.99296785 0.99999926 0.99992131 0.1327455  0.99990606 1.
 1.         0.95463254 0.15710404 0.04623443 0.99868149 0.99999283
 0.99999999 0.99982618 0.9999984  1.         0.9999955  0.1090781
 1.         0.99997818 1.         0.99999995 1.         0.99504923
 0.99999966 0.03574607 0.99999681 0.99995832 1.         0.99999901
 0.07562153 0.31539282 0.99999574 0.01184185 0.95885148 0.99994149
 0.99872997 0.99915507 0.99992446],[2, 39.61026844738384, 20.857811552150633, 39.67410208849791, 20.835728555968924, nan, nan, 1, 1, 2, 2, 1, 2, 2, 2, 2, 2, 2, 2, 2, 2, 1, 2, 2, 2, 2, 1, 1, 2, 2, 2, 2, 2, 2, 2, 1, 2, 2, 2, 2, 2, 2, 2, 1, 2, 2, 2, 2, 1, 1, 2, 1, 2, 2, 2, 2, 2]
13,[5.10981467e-01 6.39032780e-02 5.33056788e-01 4.79013464e-01
 4.20462186e-01 1.00000000e+00 9.99999999e-01 1.01533448e-01
 0.00000000e+00 1.00000000e+00 9.99928812e-01 1.95995908e-01
 1.00000000e+00 9.99999997e-01 1.00000000e+00 9.96144098e-01
 1.00000000e+00 1.00000000e+00 9.99990537e-01 1.00000000e+00
 1.00000000e+00 9.99999990e-01 1.00000000e+00 9.99999961e-01
 1.00000000e+00 9.99998275e-01 1.96238003e-01 7.72505661e-02
 1.00000000e+00 1.00000000e+00 1.00000000e+00 9.99999801e-01
 1.00000000e+00 9.99999999e-01 1.00000000e+00 7.30551890e-04
 9.99999491e-01 1.00000000e+00 9.99999476e-01 1.00000000e+00
 1.00000000e+00 1.00000000e+00 1.00000000e+00 0.00000000e+00
 1.00000000e+00 1.00000000e+00 9.99999999e-01 1.00000000e+00
 0.00000000e+00 1.27316473e-01 1.00000000e+00 1.00000000e+00
 1.00000000e+00 1.00000000e+00 1.00000000e+00 9.99999384e-01
 1.00000000e+00],[2, 39.60992898029574, 20.855883482830095, 39.67234743858961, 20.836911585107654, nan, nan, 1, 1, 2, 2, 1, 2, 2, 2, 2, 2, 2, 2, 2, 2, 2, 2, 2, 2, 2, 1, 1, 2, 2, 2, 2, 2, 2, 2, 1, 2, 2, 2, 2, 2, 2, 2, 1, 2, 2, 2, 2, 1, 1, 2, 2, 2, 2, 2, 2, 2]
14,[0.51664305 0.71400967 0.16680489 0.41011056 0.46255851 1.
 1.         1.         0.99999868 0.99977667 0.99997462 0.99999978
 0.91681183 0.9999997  0.19951903 0.99999995 1.         0.11346916
 0.99999592 0.         1.         1.         1.         0.99998008
 1.         0.         1.         0.99999853 0.99999706 0.99999974
 1.         1.         0.25582416 0.99999984 1.         0.99999545
 0.99999846 0.99999738 0.99574804 1.         0.14049504 0.28663212
 0.         1.         0.99999999 0.99997814 0.99778109 0.99999583
 1.         1.         0.98076205 0.99999879 0.1535722  0.99775096
 0.99999999 0.         0.99999868],[2, 39.707682877563755, 20.794170990308753, 39.66198678423629, 20.844004707015294, nan, nan, 2, 2, 2, 2, 2, 2, 2, 1, 2, 2, 1, 2, 1, 2, 2, 2, 2, 2, 1, 2, 2, 2, 2, 2, 2, 1, 2, 2, 2, 2, 2, 2, 2, 1, 1, 1, 2, 2, 2, 2, 2, 2, 2, 2, 2, 1, 2, 2, 1, 2]
15,[0.47328001 0.07679517 0.54181835 0.49626607 0.41112202 0.99999985
 0.99999719 0.2988593  0.         0.99999951 0.9999878  0.088489
 1.         0.00670154 0.99999836 0.99999994 0.99999925 0.99997007
 0.99999999 0.99999978 0.99995098 0.         0.9999998  0.9999962
 0.99963092 0.99999978 0.00852701 0.04605694 0.99999998 0.99997319
 0.99999758 1.         0.99998177 1.         0.99996118 0.
 1.         1.         1.         0.99979099 1.         0.99999764
 0.99997247 0.         0.99999542 1.         1.         1.
 0.07703482 0.09099819 1.         0.         1.         1.
 1.         0.99804743 0.99999856],[2, 39.61186748288785, 20.857359783415287, 39.67494164374507, 20.83533779099476, nan, nan, 1, 1, 2, 2, 1, 2, 1, 2, 2, 2, 2, 2, 2, 2, 1, 2, 2, 2, 2, 1, 1, 2, 2, 2, 2, 2, 2, 2, 1, 2, 2, 2, 2, 2, 2, 2, 1, 2, 2, 2, 2, 1, 1, 2, 1, 2, 2, 2, 2, 2]
16,[4.99381688e-01 5.12637599e-01 4.12735416e-01 1.90156339e-01
 4.93065081e-01 1.00000000e+00 9.99999998e-01 1.00000000e+00
 9.99999966e-01 9.99662565e-01 2.80604574e-02 1.00000000e+00
 0.00000000e+00 1.00000000e+00 0.00000000e+00 4.39592694e-03
 9.99998639e-01 2.35560784e-01 2.22254991e-01 2.27887338e-01
 4.11681974e-02 1.00000000e+00 3.18414238e-01 6.40749352e-02
 9.99999997e-01 7.64279387e-02 1.00000000e+00 9.99618028e-01
 1.00000000e+00 1.00000000e+00 1.97255652e-01 0.00000000e+00
 1.72662282e-05 6.61855733e-02 1.24707003e-01 1.00000000e+00
 0.00000000e+00 4.67085187e-01 1.63152924e-03 6.41674517e-02
 1.00000000e+00 0.00000000e+00 2.03122153e-02 9.99999979e-01
 9.99999217e-01 6.68460784e-02 0.00000000e+00 1.15027089e-01
 9.99999989e-01 9.99995785e-01 1.00000000e+00 1.00000000e+00
 0.00000000e+00 1.13747237e-01 2.86332054e-03 2.65047084e-01
 0.00000000e+00],[2, 39.67740336521386, 20.83560964443479, 39.628913148108495, 20.84914498411046, nan, nan, 2, 2, 2, 1, 2, 1, 2, 1, 1, 2, 1, 1, 1, 1, 2, 1, 1, 2, 1, 2, 2, 2, 2, 1, 1, 1, 1, 1, 2, 1, 1, 1, 1, 2, 1, 1, 2, 2, 1, 1, 1, 2, 2, 2, 2, 1, 1, 1, 1, 1]
17,[0.58313924 0.69316299 0.16840036 0.41550163 0.46102809 1.
 0.999996   1.         1.         0.99999996 1.         0.99999999
 0.00731082 0.99999972 0.31681537 0.99999964 1.         0.
 0.99999999 0.         0.99998767 1.         1.         0.99999995
 1.         0.         1.         1.         0.99948397 0.99999977
 1.         1.         0.05848504 0.99999935 1.         0.99999971
 1.         1.         1.         0.99999996 1.         0.09002515
 0.         0.99999991 1.         1.         0.99999995 0.99970664
 0.99999889 1.         1.         0.99999998 1.         0.99995384
 0.99999765 0.41899921 1.        ],[2, 39.70454824674671, 20.794439823627812, 39.662797418324004, 20.84374683418719, nan, nan, 2, 2, 2, 2, 2, 1, 2, 1, 2, 2, 1, 2, 1, 2, 2, 2, 2, 2, 1, 2, 2, 2, 2, 2, 2, 1, 2, 2, 2, 2, 2, 2, 2, 2, 1, 1, 2, 2, 2, 2, 2, 2, 2, 2, 2, 2, 2, 2, 1, 2]
18,[0.55385049 0.53741494 0.3987796  0.1997037  0.4841844  0.9996734
 1.         1.         1.         1.         0.         1.
 0.         1.         0.26208034 0.         1.         0.01185031
 0.         0.         0.         1.         0.09613343 1.
 0.         0.11300348 1.         1.         1.         0.
 0.21660986 1.         0.03389097 0.47681937 1.         1.
 0.         0.0766699  0.02680716 1.         0.03820437 0.18243478
 0.31826146 1.         1.         0.         1.         0.45114731
 1.         1.         1.         1.         0.         0.11331606
 0.03498066 0.30091695 0.23158197],[2, 39.68112903438664, 20.83325812564185, 39.63034874590545, 20.8476486131872, nan, nan, 2, 2, 2, 1, 2, 1, 2, 1, 1, 2, 1, 1, 1, 1, 2, 1, 2, 1, 1, 2, 2, 2, 1, 1, 2, 1, 1, 2, 2, 1, 1, 1, 2, 1, 1, 1, 2, 2, 1, 2, 1, 2, 2, 2, 2, 1, 1, 1, 1, 1]
19,[0.41359175 0.07664843 0.54178914 0.49631009 0.41114306 0.99999843
 1.         0.08647534 0.06444192 1.         0.99999999 0.
 1.         0.05822324 0.99990883 1.         0.99999988 0.99999919
 1.         0.99999999 0.99999494 0.         0.99999982 0.99999938
 0.99998379 0.99822112 0.00541484 0.15292148 0.99829507 0.99999999
 1.         0.99997337 0.92986811 0.99999944 0.99999999 0.00979515
 0.99999175 1.         0.9999998  0.99971935 1.         0.99929272
 0.99999807 0.1539631  1.         0.99999598 0.99980712 0.99999999
 0.28904547 0.0157927  1.         0.22252399 0.99999823 0.9999999
 0.99999775 1.         0.9999019 ],[2, 39.611845417877525, 20.857354860792018, 39.67494826307262, 20.83534133703354, nan, nan, 1, 1, 2, 2, 1, 2, 1, 2, 2, 2, 2, 2, 2, 2, 1, 2, 2, 2, 2, 1, 1, 2, 2, 2, 2, 2, 2, 2, 1, 2, 2, 2, 2, 2, 2, 2, 1, 2, 2, 2, 2, 1, 1, 2, 1, 2, 2, 2, 2, 2]
20,[5.16192324e-01 5.52775921e-02 5.59826795e-01 4.78969749e-01
 4.19381887e-01 9.99996880e-01 1.00000000e+00 5.84652999e-02
 0.00000000e+00 9.99999342e-01 1.00000000e+00 0.00000000e+00
 9.99999120e-01 1.00000000e+00 9.99964371e-01 1.00000000e+00
 1.00000000e+00 1.00000000e+00 9.99999999e-01 1.00000000e+00
 9.99999948e-01 1.00000000e+00 9.99911975e-01 9.99996677e-01
 9.99993008e-01 9.99999998e-01 1.30240957e-01 2.81333400e-01
 9.99725918e-01 9.99999179e-01 1.00000000e+00 1.00000000e+00
 9.99999684e-01 1.00000000e+00 1.00000000e+00 9.99999963e-01
 1.00000000e+00 1.00000000e+00 1.00000000e+00 9.99986257e-01
 1.00000000e+00 9.99921189e-01 1.00000000e+00 0.00000000e+00
 9.99999988e-01 9.99999887e-01 1.00000000e+00 9.99910915e-01
 8.25079100e-02 2.07098259e-05 9.99951941e-01 2.54446918e-03
 9.99999801e-01 9.99986906e-01 9.99998887e-01 9.99996621e-01
 9.99999877e-01],[2, 39.608631970413995, 20.860394159434385, 39.67234086529716, 20.83672955749186, nan, nan, 1, 1, 2, 2, 1, 2, 2, 2, 2, 2, 2, 2, 2, 2, 2, 2, 2, 2, 2, 1, 1, 2, 2, 2, 2, 2, 2, 2, 2, 2, 2, 2, 2, 2, 2, 2, 1, 2, 2, 2, 2, 1, 1, 2, 1, 2, 2, 2, 2, 2]
21,[0.58930142 0.35145822 0.5078023  0.58188717 0.30635093 1.
 1.         0.10310664 0.         0.33877185 1.         0.00644781
 1.         0.162737   1.         1.         0.22635281 1.
 1.         1.         0.17955232 0.2421686  0.44697621 1.
 0.06048225 1.         0.         0.01528998 1.         0.45432145
 0.         0.02732339 1.         0.04199255 0.09228789 0.15587955
 1.         1.         1.         1.         1.         1.
 1.         0.07882263 1.         0.         1.         0.30435791
 0.3992274  0.06081158 1.         0.03859171 1.         1.
 0.13611559 1.         1.        ],[2, 39.65316746735266, 20.85162816780677, 39.68781614650869, 20.81768413499066, nan, nan, 1, 1, 1, 2, 1, 2, 1, 2, 2, 1, 2, 2, 2, 1, 1, 1, 2, 1, 2, 1, 1, 2, 1, 1, 1, 2, 1, 1, 1, 2, 2, 2, 2, 2, 2, 2, 1, 2, 1, 2, 1, 1, 1, 2, 1, 2, 2, 1, 2, 2]
22,[0.44401122 0.43897188 0.51463005 0.4618352  0.35179965 0.99999935
 1.         1.         0.         1.         0.         0.99999969
 0.99865122 0.08937611 1.         1.         0.99999993 1.
 1.         1.         0.11802678 1.         1.         0.99998867
 0.06399125 0.99999729 1.         0.02549999 1.         0.40077338
 0.         0.47322869 1.         0.261319   0.03007898 1.
 1.         1.         1.         1.         0.99992558 1.
 1.         0.02204308 1.         0.2416388  1.         0.99999998
 1.         0.13960208 1.         0.01350638 0.99999992 1.
 0.00550716 1.         0.99999996],[2, 39.666326545422685, 20.852778625397114, 39.66976441211105, 20.825342126481114, nan, nan, 2, 1, 2, 1, 2, 2, 1, 2, 2, 2, 2, 2, 2, 1, 2, 2, 2, 1, 2, 2, 1, 2, 1, 1, 1, 2, 1, 1, 2, 2, 2, 2, 2, 2, 2, 2, 1, 2, 1, 2, 2, 2, 1, 2, 1, 2, 2, 1, 2, 2]
23,[0.62232786 0.52217805 0.4188135  0.23351888 0.46537448 1.
 1.         1.         1.         1.         0.10980833 1.
 0.2598616  1.         1.         0.         1.         0.08824427
 0.         0.         0.         1.         0.42644718 1.
 0.41572499 0.05382375 1.         1.         1.         0.17499061
 1.         0.         0.         0.28131556 1.         1.
 0.01077471 0.06648746 0.         1.         0.06274401 0.46669705
 0.32813839 1.         1.         0.00464118 1.         0.03576418
 1.         1.         1.         1.         0.         0.
 0.16455915 0.2030336  0.4284515 ],[2, 39.678837924701085, 20.83663378514912, 39.635433400070944, 20.844479190373942, nan, nan, 2, 2, 2, 1, 2, 1, 2, 2, 1, 2, 1, 1, 1, 1, 2, 1, 2, 1, 1, 2, 2, 2, 1, 2, 1, 1, 1, 2, 2, 1, 1, 1, 2, 1, 1, 1, 2, 2, 1, 2, 1, 2, 2, 2, 2, 1, 1, 1, 1, 1]
24,[0.441918   0.07664499 0.54178817 0.49630449 0.41114135 0.99993108
 0.9931536  0.10521499 0.34852938 0.99996512 0.99969151 0.19278494
 0.9889069  0.0024516  1.         0.8452486  0.99934858 0.96585662
 0.99980251 0.99815672 0.85131506 0.06459622 0.99720636 0.99915355
 0.99948463 0.99974535 0.         0.02404035 1.         0.80515272
 0.9985495  0.99984447 0.99999804 0.9999953  0.99997249 0.32140851
 0.98397453 0.9999913  0.9999609  0.99998663 1.         0.75163635
 0.92796285 0.12289661 0.99693218 1.         0.99970107 0.79977399
 0.02305188 0.15845697 0.9893811  0.27527082 0.99998399 0.9999185
 0.99219222 0.99054935 0.94688169],[2, 39.61184490100549, 20.857354698241238, 39.67494742127474, 20.835341048692772, nan, nan, 1, 1, 2, 2, 1, 2, 1, 2, 2, 2, 2, 2, 2, 2, 1, 2, 2, 2, 2, 1, 1, 2, 2, 2, 2, 2, 2, 2, 1, 2, 2, 2, 2, 2, 2, 2, 1, 2, 2, 2, 2, 1, 1, 2, 1, 2, 2, 2, 2, 2]
25,[0.45096283 0.07668805 0.54176276 0.49633357 0.41111126 0.99999998
 0.99999999 0.         0.         0.99999178 1.         0.33867558
 0.99996965 0.16191449 1.         0.99999971 0.99985265 0.99962898
 0.99999992 1.         0.99999984 0.00240096 1.         0.99932786
 1.         0.99999913 0.10668524 0.         1.         0.99999954
 1.         0.99999994 1.         0.99869124 1.         0.08712367
 0.99999921 0.99999844 0.99999971 1.         0.99988588 0.9999995
 1.         0.         1.         0.99999927 0.99999993 1.
 0.38160416 0.03693683 0.99999977 0.         0.99844549 1.
 1.         1.         1.        ],[2, 39.61185137524392, 20.857350417043396, 39.67495179353588, 20.835335978278792, nan, nan, 1, 1, 2, 2, 1, 2, 1, 2, 2, 2, 2, 2, 2, 2, 1, 2, 2, 2, 2, 1, 1, 2, 2, 2, 2, 2, 2, 2, 1, 2, 2, 2, 2, 2, 2, 2, 1, 2, 2, 2, 2, 1, 1, 2, 1, 2, 2, 2, 2, 2]
