1,[0.48738501 0.05881095 0.53420612 0.4696838  0.42753983 1.
 1.         0.         1.         1.         1.         1.
 1.         1.         1.         1.         1.         1.
 1.         1.         1.         1.         1.         1.
 1.         1.         0.         0.14782083 1.         1.
 1.         1.         1.         1.         1.         0.06660862
 1.         1.         1.         1.         1.         1.
 1.         0.3574429  1.         1.         1.         1.
 1.         0.         1.         0.10805319 1.         1.
 1.         1.         1.        ],[2, 39.60916326766016, 20.856077142616805, 39.670944573673395, 20.838104148980158, nan, nan, 1, 2, 2, 2, 2, 2, 2, 2, 2, 2, 2, 2, 2, 2, 2, 2, 2, 2, 2, 1, 1, 2, 2, 2, 2, 2, 2, 2, 1, 2, 2, 2, 2, 2, 2, 2, 1, 2, 2, 2, 2, 2, 1, 2, 1, 2, 2, 2, 2, 2]
2,[0.56404686 0.4593191  0.50298351 0.41747336 0.37458899 1.
 1.         1.         0.         1.         0.05785771 1.
 1.         1.         1.         1.         1.         1.
 1.         1.         1.         1.         0.05236451 1.
 0.         1.         1.         1.         1.         0.48905463
 0.         0.32010838 1.         0.07220712 1.         1.
 1.         0.         1.         1.         1.         1.
 1.         1.         1.         1.         1.         1.
 1.         1.         1.         1.         1.         1.
 0.06320123 1.         1.        ],[2, 39.66938607612874, 20.85081621391532, 39.663093899547775, 20.829182071003736, nan, nan, 2, 1, 2, 1, 2, 2, 2, 2, 2, 2, 2, 2, 2, 2, 2, 1, 2, 1, 2, 2, 2, 2, 1, 1, 1, 2, 1, 2, 2, 2, 1, 2, 2, 2, 2, 2, 2, 2, 2, 2, 2, 2, 2, 2, 2, 2, 2, 1, 2, 2]
3,[5.12524383e-01 7.13118081e-01 1.70964557e-01 4.07570068e-01
 4.61403462e-01 1.00000000e+00 1.00000000e+00 1.00000000e+00
 1.00000000e+00 1.00000000e+00 1.00000000e+00 1.00000000e+00
 2.59034357e-01 1.00000000e+00 1.68608408e-02 5.21597190e-02
 1.00000000e+00 1.00000000e+00 1.00000000e+00 5.90176000e-07
 1.00000000e+00 1.00000000e+00 1.00000000e+00 1.00000000e+00
 1.00000000e+00 2.90849058e-01 1.00000000e+00 1.00000000e+00
 1.00000000e+00 1.00000000e+00 1.00000000e+00 1.00000000e+00
 0.00000000e+00 1.00000000e+00 1.00000000e+00 1.00000000e+00
 1.00000000e+00 1.00000000e+00 1.00000000e+00 1.00000000e+00
 1.84224972e-01 1.85625922e-01 3.28493454e-01 1.00000000e+00
 1.00000000e+00 1.00000000e+00 1.00000000e+00 1.00000000e+00
 1.00000000e+00 1.00000000e+00 1.00000000e+00 1.00000000e+00
 0.00000000e+00 1.00000000e+00 1.00000000e+00 1.00000000e+00
 1.00000000e+00],[2, 39.707548813365264, 20.794871883308062, 39.66160478088003, 20.8438100836145, nan, nan, 2, 2, 2, 2, 2, 1, 2, 1, 1, 2, 2, 2, 1, 2, 2, 2, 2, 2, 1, 2, 2, 2, 2, 2, 2, 1, 2, 2, 2, 2, 2, 2, 2, 1, 1, 1, 2, 2, 2, 2, 2, 2, 2, 2, 2, 1, 2, 2, 2, 2]
4,[0.35288251 0.03970886 0.56665027 0.47395364 0.42042305 1.
 1.         1.         0.41318827 1.         1.         1.
 1.         1.         1.         1.         1.         1.
 1.         1.         1.         0.00786953 1.         1.
 1.         1.         1.         0.06116167 1.         1.
 1.         1.         1.         1.         1.         0.16554668
 1.         1.         1.         1.         1.         1.
 1.         0.35367377 1.         1.         1.         1.
 0.00747696 0.04579008 1.         0.         1.         1.
 1.         1.         1.        ],[2, 39.60629096269158, 20.861543896415885, 39.671586613662754, 20.83690499041005, nan, nan, 2, 1, 2, 2, 2, 2, 2, 2, 2, 2, 2, 2, 2, 2, 1, 2, 2, 2, 2, 2, 1, 2, 2, 2, 2, 2, 2, 2, 1, 2, 2, 2, 2, 2, 2, 2, 1, 2, 2, 2, 2, 1, 1, 2, 1, 2, 2, 2, 2, 2]
5,[0.37119863 0.49684259 0.46453989 0.3637561  0.37618338 0.99323448
 0.99994552 0.77019111 0.97695863 0.91438656 0.15738925 1.
 0.         0.99967818 0.29950631 0.96264644 1.         0.48339663
 0.42480778 0.998993   0.99862916 0.96214344 0.27576993 0.99884565
 0.0122653  0.9990225  1.         0.85945663 0.98318367 0.44765653
 0.03454138 0.         0.         0.10125689 0.02530255 0.99899045
 0.95842552 0.99993524 0.         0.9960431  0.         1.
 0.99966982 0.97395172 1.         0.         0.9799375  0.07753412
 1.         0.96674725 0.99468    0.99852607 0.27207805 0.2242559
 0.02062669 0.99919482 0.99999927],[2, 39.6750283332794, 20.84433856440719, 39.655016650307836, 20.82945072062749, nan, nan, 2, 2, 2, 1, 2, 1, 2, 1, 2, 2, 1, 1, 2, 2, 2, 1, 2, 1, 2, 2, 2, 2, 1, 1, 1, 1, 1, 1, 2, 2, 2, 1, 2, 1, 2, 2, 2, 2, 1, 2, 1, 2, 2, 2, 2, 1, 1, 1, 2, 2]
6,[1.         0.89341955 1.         0.71236901 0.13921259 0.42005869
 0.45289316 1.         1.         1.         0.         1.
 1.         1.         0.47491278 1.         1.         0.5664844
 1.         1.         1.         1.         1.         1.
 1.         0.59299793 1.         1.         1.         1.
 1.         1.         0.44320844 1.         1.         1.
 1.         1.         1.         1.         1.         1.
 0.46340525 1.         1.         1.         1.         1.
 1.         1.         1.         1.         0.51677428 1.
 1.         0.42068799 1.        ],[3, 39.734660023732744, 20.9345622, 39.70743617883249, 20.789521758765222, 39.663482645146345, 20.842376119289405, 3, 3, 3, 1, 3, 3, 3, 2, 3, 3, 2, 3, 3, 3, 3, 3, 3, 3, 2, 3, 3, 3, 3, 3, 3, 2, 3, 3, 3, 3, 3, 3, 3, 3, 3, 2, 3, 3, 3, 3, 3, 3, 3, 3, 3, 2, 3, 3, 2, 3]
7,[0.5005001  0.05495471 0.55403797 0.48473497 0.4158629  1.
 1.         0.32806536 0.         1.         1.         0.05319766
 1.         1.         1.         1.         1.         1.
 1.         1.         1.         0.23898314 1.         1.
 1.         1.         1.         0.03183589 1.         1.
 1.         1.         1.         1.         1.         0.19983762
 1.         1.         1.         1.         1.         1.
 1.         0.         1.         1.         1.         1.
 0.00382449 0.20717133 1.         0.47854191 1.         1.
 1.         1.         1.        ],[2, 39.608583419429735, 20.859418756883784, 39.673207758292975, 20.836136616790025, nan, nan, 1, 1, 2, 2, 1, 2, 2, 2, 2, 2, 2, 2, 2, 2, 1, 2, 2, 2, 2, 2, 1, 2, 2, 2, 2, 2, 2, 2, 1, 2, 2, 2, 2, 2, 2, 2, 1, 2, 2, 2, 2, 1, 1, 2, 1, 2, 2, 2, 2, 2]
8,[0.44273097 0.70560664 0.17026832 0.42021256 0.45917315 1.
 1.         1.         1.         1.         1.         1.
 0.01351871 1.         0.         0.06423006 1.         1.
 1.         0.16941435 1.         1.         1.         1.
 1.         0.09696519 1.         1.         1.         1.
 1.         1.         0.24061103 1.         1.         1.
 1.         1.         1.         1.         0.2549911  1.
 1.         1.         1.         1.         1.         1.
 1.         1.         1.         1.         1.         1.
 1.         0.18687135 1.        ],[2, 39.70641934745978, 20.79475456883221, 39.663505781202176, 20.843434282557688, nan, nan, 2, 2, 2, 2, 2, 1, 2, 1, 1, 2, 2, 2, 1, 2, 2, 2, 2, 2, 1, 2, 2, 2, 2, 2, 2, 1, 2, 2, 2, 2, 2, 2, 2, 1, 2, 2, 2, 2, 2, 2, 2, 2, 2, 2, 2, 2, 2, 2, 1, 2]
9,[0.49384164 0.09534563 0.55567156 0.48470412 0.41420604 1.
 1.         1.         0.36733902 1.         1.         0.24535085
 1.         0.04382541 1.         1.         1.         1.
 1.         1.         1.         0.         1.         1.
 1.         1.         0.23702709 0.         1.         1.
 1.         1.         1.         1.         1.         0.43028268
 1.         1.         1.         1.         1.         1.
 1.         0.         1.         1.         1.         1.
 1.         0.         1.         0.00167239 1.         1.
 1.         1.         1.        ],[2, 39.61465684046384, 20.859694012584004, 39.67320311920346, 20.835857440765487, nan, nan, 2, 1, 2, 2, 1, 2, 1, 2, 2, 2, 2, 2, 2, 2, 1, 2, 2, 2, 2, 1, 1, 2, 2, 2, 2, 2, 2, 2, 1, 2, 2, 2, 2, 2, 2, 2, 1, 2, 2, 2, 2, 2, 1, 2, 1, 2, 2, 2, 2, 2]
10,[0.58149202 0.04797246 0.56142699 0.47911837 0.41832862 1.
 1.         1.         0.05488707 1.         1.         0.03044444
 1.         1.         0.99999988 1.         1.         1.
 0.9999993  1.         1.         1.         1.         1.
 1.         1.         0.14784789 0.26480693 0.9999999  0.99999995
 1.         1.         1.         0.99999993 1.         0.
 0.99999999 0.99984515 1.         0.99999999 1.         1.
 1.         0.3463411  0.99999998 1.         1.         0.99999991
 0.05423486 0.09315732 1.         0.         0.99999299 1.
 1.         1.         1.        ],[2, 39.60753352695182, 20.86066378756861, 39.67236321235595, 20.836552084902277, nan, nan, 2, 1, 2, 2, 1, 2, 2, 2, 2, 2, 2, 2, 2, 2, 2, 2, 2, 2, 2, 1, 1, 2, 2, 2, 2, 2, 2, 2, 1, 2, 2, 2, 2, 2, 2, 2, 1, 2, 2, 2, 2, 1, 1, 2, 1, 2, 2, 2, 2, 2]
11,[0.46122755 0.64881908 0.27566581 0.40675185 0.4603068  1.
 1.         1.         1.         1.         1.         1.
 0.         1.         1.         0.15580303 1.         0.08354669
 1.         0.00560015 1.         1.         1.         1.
 1.         1.         1.         1.         1.         1.
 1.         1.         0.         1.         1.         1.
 1.         1.         1.         1.         0.01290154 0.15395303
 0.12824585 1.         1.         1.         1.         1.
 1.         1.         1.         1.         0.         1.
 1.         1.         0.32277955],[2, 39.6978804292695, 20.812513772624715, 39.66148174829733, 20.84362529900417, nan, nan, 2, 2, 2, 2, 2, 1, 2, 2, 1, 2, 1, 2, 1, 2, 2, 2, 2, 2, 2, 2, 2, 2, 2, 2, 2, 1, 2, 2, 2, 2, 2, 2, 2, 1, 1, 1, 2, 2, 2, 2, 2, 2, 2, 2, 2, 1, 2, 2, 2, 1]
12,[0.53001788 0.03575371 0.56215947 0.46580543 0.42752911 1.
 1.         1.         0.23839849 1.         1.         1.
 1.         1.         1.         1.         1.         1.
 1.         1.         1.         0.         1.         1.
 1.         1.         1.         1.         1.         1.
 1.         1.         1.         1.         1.         0.03340644
 1.         1.         1.         1.         1.         1.
 1.         0.         1.         1.         1.         1.
 0.         1.         1.         0.03560386 1.         1.
 1.         1.         1.        ],[2, 39.605696242962395, 20.860787209451612, 39.67036139942361, 20.838102342852718, nan, nan, 2, 1, 2, 2, 2, 2, 2, 2, 2, 2, 2, 2, 2, 2, 1, 2, 2, 2, 2, 2, 2, 2, 2, 2, 2, 2, 2, 2, 1, 2, 2, 2, 2, 2, 2, 2, 1, 2, 2, 2, 2, 1, 2, 2, 1, 2, 2, 2, 2, 2]
13,[0.58470261 0.70273888 0.17956274 0.42350166 0.45570913 1.
 1.         1.         1.         1.         1.         0.99999989
 0.04311421 1.         0.33662668 1.         1.         1.
 1.         0.11665711 1.         1.         1.         1.
 1.         0.01010405 1.         1.         1.         1.
 1.         1.         1.         1.         1.         1.
 1.         1.         1.         1.         0.         0.05295285
 1.         1.         1.         1.         1.         1.
 1.         1.         1.         1.         1.         1.
 0.99999998 0.         1.        ],[2, 39.70598813437761, 20.796320655567442, 39.66400035051068, 20.842850603151334, nan, nan, 2, 2, 2, 2, 2, 1, 2, 1, 2, 2, 2, 2, 1, 2, 2, 2, 2, 2, 1, 2, 2, 2, 2, 2, 2, 2, 2, 2, 2, 2, 2, 2, 2, 1, 1, 2, 2, 2, 2, 2, 2, 2, 2, 2, 2, 2, 2, 2, 1, 2]
14,[0.46868602 0.71630019 0.18634897 0.40713977 0.46080171 1.
 1.         1.         1.         1.         1.         1.
 0.         1.         0.01766319 0.22779407 1.         0.28105229
 1.         0.40836522 1.         1.         1.         1.
 1.         1.         1.         1.         1.         1.
 1.         1.         0.         1.         1.         1.
 1.         1.         1.         1.         0.23178218 0.
 0.04904065 1.         1.         1.         1.         1.
 1.         1.         1.         1.         0.4954844  1.
 1.         1.         1.        ],[2, 39.70802729410614, 20.797464117522722, 39.661540079249114, 20.843708689548208, nan, nan, 2, 2, 2, 2, 2, 1, 2, 1, 1, 2, 1, 2, 1, 2, 2, 2, 2, 2, 2, 2, 2, 2, 2, 2, 2, 1, 2, 2, 2, 2, 2, 2, 2, 1, 1, 1, 2, 2, 2, 2, 2, 2, 2, 2, 2, 1, 2, 2, 2, 2]
15,[0.61117923 0.68592412 0.17283465 0.41876823 0.45744611 1.
 1.         1.         1.         1.         1.         1.
 1.         1.         1.         0.00395897 1.         0.
 1.         0.30719869 1.         1.         1.         1.
 1.         0.         1.         1.         1.         1.
 1.         1.         1.         1.         1.         1.
 1.         1.         1.         1.         1.         0.2034485
 0.23788838 1.         1.         1.         1.         1.
 1.         1.         1.         1.         0.10791861 1.
 1.         0.05082939 1.        ],[2, 39.70345976691392, 20.79518698923203, 39.66328860441151, 20.843143280058943, nan, nan, 2, 2, 2, 2, 2, 2, 2, 2, 1, 2, 1, 2, 1, 2, 2, 2, 2, 2, 1, 2, 2, 2, 2, 2, 2, 2, 2, 2, 2, 2, 2, 2, 2, 2, 1, 1, 2, 2, 2, 2, 2, 2, 2, 2, 2, 1, 2, 2, 1, 2]
16,[0.43691137 0.46128904 0.50676591 0.41642467 0.3746786  1.
 1.         1.         0.         1.         0.39603741 1.
 1.         1.         1.         1.         1.         1.
 1.         1.         0.2106692  1.         0.01262127 1.
 1.         1.         1.         1.         1.         1.
 0.13825864 0.13301864 1.         0.02120327 1.         1.
 1.         0.         1.         1.         1.         1.
 1.         1.         1.         0.12811399 1.         1.
 1.         1.         1.         1.         1.         1.
 0.         1.         1.        ],[2, 39.66968228762779, 20.851453537643494, 39.66293621135152, 20.829197170413153, nan, nan, 2, 1, 2, 1, 2, 2, 2, 2, 2, 2, 2, 2, 2, 1, 2, 1, 2, 2, 2, 2, 2, 2, 2, 1, 1, 2, 1, 2, 2, 2, 1, 2, 2, 2, 2, 2, 2, 2, 1, 2, 2, 2, 2, 2, 2, 2, 2, 1, 2, 2]
17,[0.39775338 0.06615922 0.54451613 0.49066284 0.41351565 1.
 1.         0.00893057 0.         1.         1.         0.43061718
 1.         1.         1.         1.         1.         1.
 1.         1.         1.         0.10949923 1.         1.
 1.         1.         0.14115108 0.         1.         1.
 1.         1.         1.         1.         1.         0.
 1.         1.         1.         1.         1.         1.
 1.         0.15239917 1.         1.         1.         1.
 0.02711584 0.05740819 1.         0.30424878 1.         1.
 1.         1.         1.        ],[2, 39.61026819703896, 20.857814351764, 39.67409910918559, 20.835741111531, nan, nan, 1, 1, 2, 2, 1, 2, 2, 2, 2, 2, 2, 2, 2, 2, 1, 2, 2, 2, 2, 1, 1, 2, 2, 2, 2, 2, 2, 2, 1, 2, 2, 2, 2, 2, 2, 2, 1, 2, 2, 2, 2, 1, 1, 2, 1, 2, 2, 2, 2, 2]
18,[0.48250463 0.04742262 0.63200476 0.46520747 0.42514585 1.
 1.         1.         0.04172938 1.         1.         1.
 1.         1.         1.         1.         1.         1.
 1.         1.         1.         0.         1.         1.
 1.         1.         1.         1.         1.         1.
 1.         1.         1.         1.         1.         0.
 1.         1.         1.         1.         1.         1.
 1.         0.05659333 1.         1.         1.         1.
 1.         0.09384741 1.         0.25849142 1.         1.
 1.         1.         1.        ],[2, 39.60745084904391, 20.872555958128988, 39.67027148625866, 20.837700769806613, nan, nan, 2, 1, 2, 2, 2, 2, 2, 2, 2, 2, 2, 2, 2, 2, 1, 2, 2, 2, 2, 2, 2, 2, 2, 2, 2, 2, 2, 2, 1, 2, 2, 2, 2, 2, 2, 2, 1, 2, 2, 2, 2, 2, 1, 2, 1, 2, 2, 2, 2, 2]
19,[5.35938578e-01 5.25085183e-02 5.39751156e-01 4.73824617e-01
 4.23665393e-01 1.00000000e+00 1.00000000e+00 2.23084250e-01
 2.81263421e-01 1.00000000e+00 1.00000000e+00 1.00000000e+00
 1.00000000e+00 1.00000000e+00 1.00000000e+00 1.00000000e+00
 1.00000000e+00 1.00000000e+00 1.00000000e+00 1.00000000e+00
 1.00000000e+00 1.00000000e+00 1.00000000e+00 1.00000000e+00
 1.00000000e+00 1.00000000e+00 7.27193235e-02 0.00000000e+00
 1.00000000e+00 1.00000000e+00 1.00000000e+00 1.00000000e+00
 1.00000000e+00 1.00000000e+00 1.00000000e+00 0.00000000e+00
 1.00000000e+00 1.00000000e+00 1.00000000e+00 1.00000000e+00
 1.00000000e+00 1.00000000e+00 1.00000000e+00 7.94342471e-04
 1.00000000e+00 1.00000000e+00 1.00000000e+00 1.00000000e+00
 4.49708782e-04 1.56443614e-01 1.00000000e+00 1.00000000e+00
 1.00000000e+00 1.00000000e+00 1.00000000e+00 1.00000000e+00
 1.00000000e+00],[2, 39.60821559585536, 20.85701146644342, 39.67156721240211, 20.837451317171976, nan, nan, 1, 1, 2, 2, 2, 2, 2, 2, 2, 2, 2, 2, 2, 2, 2, 2, 2, 2, 2, 1, 1, 2, 2, 2, 2, 2, 2, 2, 1, 2, 2, 2, 2, 2, 2, 2, 1, 2, 2, 2, 2, 1, 1, 2, 2, 2, 2, 2, 2, 2]
20,[0.47120352 0.71404536 0.16695571 0.41011866 0.46261388 1.
 1.         1.         1.         1.         1.         1.
 0.00140091 1.         0.2254105  1.         1.         1.
 1.         0.         1.         1.         1.         1.
 1.         0.         1.         1.         1.         1.
 1.         1.         0.         1.         1.         1.
 1.         1.         1.         1.         0.         0.17659254
 0.18302094 1.         1.         1.         1.         1.
 1.         1.         1.         1.         0.21657742 1.
 1.         0.21508558 1.        ],[2, 39.707688244177874, 20.79419640346961, 39.66198800259309, 20.844014035718075, nan, nan, 2, 2, 2, 2, 2, 1, 2, 1, 2, 2, 2, 2, 1, 2, 2, 2, 2, 2, 1, 2, 2, 2, 2, 2, 2, 1, 2, 2, 2, 2, 2, 2, 2, 1, 1, 1, 2, 2, 2, 2, 2, 2, 2, 2, 2, 1, 2, 2, 1, 2]
21,[0.45809696 0.06942098 0.5702417  0.47909985 0.41762995 1.
 1.         1.         0.01702163 1.         1.         0.04821352
 1.         1.         1.         1.         1.         1.
 1.         1.         1.         0.11234223 1.         1.
 1.         1.         0.14558794 0.47637866 1.         1.
 1.         1.         1.         1.         1.         1.
 1.         1.         1.         1.         1.         1.
 1.         0.         1.         1.         1.         1.
 0.21995854 0.02127548 1.         0.03688712 1.         1.
 1.         1.         1.        ],[2, 39.61075865567244, 20.862149044302505, 39.672360428726726, 20.83643436138981, nan, nan, 2, 1, 2, 2, 1, 2, 2, 2, 2, 2, 2, 2, 2, 2, 1, 2, 2, 2, 2, 1, 1, 2, 2, 2, 2, 2, 2, 2, 2, 2, 2, 2, 2, 2, 2, 2, 1, 2, 2, 2, 2, 1, 1, 2, 1, 2, 2, 2, 2, 2]
22,[4.47873643e-01 3.88584650e-02 5.64368637e-01 4.73783466e-01
 4.22264365e-01 1.00000000e+00 1.00000000e+00 1.12198312e-01
 1.26482813e-01 1.00000000e+00 1.00000000e+00 1.14313855e-01
 1.00000000e+00 1.00000000e+00 1.00000000e+00 1.00000000e+00
 1.00000000e+00 1.00000000e+00 1.00000000e+00 1.00000000e+00
 1.00000000e+00 1.00000000e+00 1.00000000e+00 1.00000000e+00
 1.00000000e+00 1.00000000e+00 1.00000000e+00 6.81171511e-02
 1.00000000e+00 1.00000000e+00 1.00000000e+00 1.00000000e+00
 1.00000000e+00 1.00000000e+00 1.00000000e+00 1.00000000e+00
 1.00000000e+00 1.00000000e+00 1.00000000e+00 1.00000000e+00
 1.00000000e+00 1.00000000e+00 1.00000000e+00 0.00000000e+00
 1.00000000e+00 1.00000000e+00 1.00000000e+00 1.00000000e+00
 0.00000000e+00 2.80503881e-02 1.00000000e+00 4.49791290e-04
 1.00000000e+00 1.00000000e+00 1.00000000e+00 1.00000000e+00
 1.00000000e+00],[2, 39.60616309194164, 20.861159447927943, 39.671561024649435, 20.837215247647617, nan, nan, 1, 1, 2, 2, 1, 2, 2, 2, 2, 2, 2, 2, 2, 2, 2, 2, 2, 2, 2, 2, 1, 2, 2, 2, 2, 2, 2, 2, 2, 2, 2, 2, 2, 2, 2, 2, 1, 2, 2, 2, 2, 1, 1, 2, 1, 2, 2, 2, 2, 2]
23,[3.50817153e-01 5.13709820e-01 4.36754403e-01 3.53275067e-01
 3.73038938e-01 1.00000000e+00 1.00000000e+00 1.00000000e+00
 9.92616183e-01 1.00000000e+00 2.48586079e-01 9.99999882e-01
 0.00000000e+00 9.99999997e-01 1.00000000e+00 1.00000000e+00
 1.00000000e+00 1.00000000e+00 4.25341265e-01 1.00000000e+00
 0.00000000e+00 9.99824331e-01 2.66449007e-01 1.00000000e+00
 1.45247742e-01 0.00000000e+00 1.00000000e+00 1.00000000e+00
 9.99999596e-01 1.93145705e-01 0.00000000e+00 1.91774000e-01
 4.83412553e-01 1.00000000e+00 1.00000000e+00 1.00000000e+00
 1.00000000e+00 1.08354381e-01 3.06596352e-01 1.00000000e+00
 1.00000000e+00 5.68176048e-02 9.99999999e-01 1.00000000e+00
 1.00000000e+00 1.00000000e+00 9.99999992e-01 1.55900711e-01
 9.99999938e-01 9.99999993e-01 1.00000000e+00 1.00000000e+00
 6.67049521e-04 0.00000000e+00 0.00000000e+00 1.00000000e+00
 3.70955238e-01],[2, 39.67756459077452, 20.83965678127624, 39.653440658759436, 20.828920891138726, nan, nan, 2, 2, 2, 1, 2, 1, 2, 2, 2, 2, 2, 1, 2, 1, 2, 1, 2, 1, 1, 2, 2, 2, 1, 1, 1, 1, 2, 2, 2, 2, 1, 1, 2, 2, 1, 2, 2, 2, 2, 2, 1, 2, 2, 2, 2, 1, 1, 1, 2, 1]
24,[4.60618956e-01 5.88068418e-02 5.33940323e-01 4.79273533e-01
 4.21641238e-01 1.00000000e+00 1.00000000e+00 0.00000000e+00
 1.00000000e+00 1.00000000e+00 1.00000000e+00 2.20739059e-01
 1.00000000e+00 1.00000000e+00 1.00000000e+00 1.00000000e+00
 1.00000000e+00 1.00000000e+00 1.00000000e+00 1.00000000e+00
 1.00000000e+00 1.00000000e+00 1.00000000e+00 1.00000000e+00
 1.00000000e+00 1.00000000e+00 2.15097257e-03 4.65299455e-02
 1.00000000e+00 1.00000000e+00 1.00000000e+00 1.00000000e+00
 1.00000000e+00 1.00000000e+00 1.00000000e+00 5.59408574e-02
 1.00000000e+00 1.00000000e+00 1.00000000e+00 1.00000000e+00
 1.00000000e+00 1.00000000e+00 1.00000000e+00 2.55204466e-06
 1.00000000e+00 1.00000000e+00 1.00000000e+00 1.00000000e+00
 0.00000000e+00 2.55957268e-01 1.00000000e+00 2.02388928e-01
 1.00000000e+00 1.00000000e+00 1.00000000e+00 1.00000000e+00
 1.00000000e+00],[2, 39.609162649576504, 20.856032356192113, 39.67238654401645, 20.83711025234152, nan, nan, 1, 2, 2, 2, 1, 2, 2, 2, 2, 2, 2, 2, 2, 2, 2, 2, 2, 2, 2, 1, 1, 2, 2, 2, 2, 2, 2, 2, 1, 2, 2, 2, 2, 2, 2, 2, 1, 2, 2, 2, 2, 1, 1, 2, 1, 2, 2, 2, 2, 2]
25,[0.36583192 0.07663297 0.54178302 0.49625576 0.41112484 1.
 1.         0.16614586 0.         1.         1.         0.
 1.         0.0779378  1.         1.         1.         1.
 1.         1.         1.         0.31544558 1.         1.
 1.         1.         0.         0.13317804 1.         1.
 1.         1.         1.         1.         1.         0.
 1.         1.         1.         1.         1.         1.
 1.         0.02355646 1.         1.         1.         1.
 0.21647818 0.         1.         0.10713904 1.         1.
 1.         1.         1.        ],[2, 39.61184309339856, 20.857353829542557, 39.67494009316833, 20.83533826694158, nan, nan, 1, 1, 2, 2, 1, 2, 1, 2, 2, 2, 2, 2, 2, 2, 1, 2, 2, 2, 2, 1, 1, 2, 2, 2, 2, 2, 2, 2, 1, 2, 2, 2, 2, 2, 2, 2, 1, 2, 2, 2, 2, 1, 1, 2, 1, 2, 2, 2, 2, 2]
