1,[0.58198525 0.88260827 0.98721406 0.43474497 0.43482006 0.9775901
 0.95013542 0.96581382 0.99850762 0.97937674 0.         0.94085983
 0.5244033  0.99737531 0.95641432 1.         0.99651978 0.98846232
 0.99043396 0.92275406 0.9576417  0.95510643 0.98541306 0.99411056
 0.98490098 0.83638273 0.99971386 0.8572851  0.98114186 0.99424696
 0.99987975 0.99560379 0.94763712 0.99764089 0.99160903 0.99967895
 0.95470703 0.99978891 0.88240706 0.90977698 0.98642616 0.97594255
 0.99975385 0.99961731 0.9986481  0.88450279 0.99984536 0.95677531
 0.99866445 0.99903056 0.99477655 0.97390233 0.97407488 0.97715786
 0.99962796 0.9970934  0.98434235],[2, 39.73303437437869, 20.93240780230041, 39.66569096195227, 20.839330849821444, nan, nan, 2, 2, 2, 1, 2, 2, 2, 2, 2, 2, 2, 2, 2, 2, 2, 2, 2, 2, 2, 2, 2, 2, 2, 2, 2, 2, 2, 2, 2, 2, 2, 2, 2, 2, 2, 2, 2, 2, 2, 2, 2, 2, 2, 2, 2, 2, 2, 2, 2, 2]
2,[0.47044426 0.63762922 0.26379756 0.45508554 0.43096674 0.91601009
 0.89430263 0.62100128 0.94551765 0.8091395  0.94295298 0.98832421
 0.72152446 1.         0.90067484 0.78994409 0.97594701 0.91119327
 0.93019219 0.83768127 0.92211819 0.62687216 0.51714383 0.9746395
 0.91680991 0.41707519 0.98676456 0.96566893 0.95107666 0.97009412
 0.99787763 0.89800817 0.64929759 0.89766629 0.60947557 0.99261087
 0.86664841 0.87361953 0.92010428 0.67791033 0.99581336 0.48187397
 0.92702112 0.53459772 0.95377244 0.95434265 0.94303109 0.88700663
 1.         0.79938382 0.27166163 0.8606085  0.37716505 0.99192056
 0.9595502  1.         0.85023661],[2, 39.69619785522793, 20.810514003178568, 39.668749492421064, 20.83868157539829, nan, nan, 2, 2, 2, 2, 2, 2, 2, 2, 2, 2, 2, 2, 2, 2, 2, 2, 2, 2, 1, 2, 2, 2, 2, 2, 2, 2, 2, 2, 2, 2, 2, 2, 2, 2, 1, 2, 2, 2, 2, 2, 2, 2, 2, 1, 2, 1, 2, 2, 2, 2]
3,[0.3785891  0.93998011 0.99867711 0.45161157 0.43201681 0.
 0.96290749 0.9982912  0.99324731 0.96575487 0.15089115 0.99433499
 0.99504068 0.98387455 0.9649118  0.93643634 0.98265319 0.91235802
 0.91999254 0.65490289 0.95442024 0.99389957 0.99992689 0.71742388
 1.         0.98454979 0.9176019  0.983854   0.97744175 0.99003094
 0.98864991 0.99812595 0.99790922 1.         0.84170982 0.99591595
 0.94795162 0.5301059  0.99006616 0.90527918 0.99431746 0.90387577
 0.98909822 0.99958142 0.9920908  0.98420104 0.97393321 0.99947267
 0.88473315 0.9747089  0.99882736 0.95432331 0.78165038 1.
 0.95692385 0.88787115 0.99137447],[2, 39.74166114871781, 20.9343392956965, 39.668227125185815, 20.838858510000833, nan, nan, 2, 2, 2, 1, 2, 2, 2, 2, 2, 2, 2, 2, 2, 2, 2, 2, 2, 2, 2, 2, 2, 2, 2, 2, 2, 2, 2, 2, 2, 2, 2, 2, 2, 2, 2, 2, 2, 2, 2, 2, 2, 2, 2, 2, 2, 2, 2, 2, 2, 2]
4,[0.48290574 0.89513165 1.         0.4407728  0.43040182 1.
 0.99811538 0.99999766 0.99999947 0.99999989 0.33329078 0.99999694
 1.         1.         0.99995473 0.99991658 0.99999223 1.
 1.         0.99953086 1.         0.99999999 0.99934765 0.99995942
 0.99983244 0.9999995  0.9999993  0.99999967 0.99999908 0.99999988
 0.99999399 0.99977005 0.99969666 0.99997957 0.99999994 1.
 0.99999996 0.99986479 0.99999112 1.         1.         1.
 0.99999995 0.99979266 1.         0.99999997 0.99999211 0.99999992
 1.         1.         0.99999784 0.99999968 1.         0.99923293
 0.99454439 0.99999976 1.        ],[2, 39.73491746505233, 20.934562199999903, 39.66659734331306, 20.83858638729367, nan, nan, 2, 2, 2, 1, 2, 2, 2, 2, 2, 2, 2, 2, 2, 2, 2, 2, 2, 2, 2, 2, 2, 2, 2, 2, 2, 2, 2, 2, 2, 2, 2, 2, 2, 2, 2, 2, 2, 2, 2, 2, 2, 2, 2, 2, 2, 2, 2, 2, 2, 2]
5,[0.5961131  0.96201759 0.23511782 0.42430985 0.44464194 0.93114094
 0.83601199 0.99700465 0.9648789  0.99827701 0.9904342  1.
 0.98801114 0.87430927 0.9235346  0.91026007 0.79321232 0.99533782
 0.97087153 0.37272265 0.99984514 0.93244305 0.88569375 0.91727329
 0.9711337  0.89063554 0.99497127 0.95234039 0.9808554  0.98677515
 0.93595935 0.98104659 0.98215384 1.         0.58546215 0.98445951
 0.98340827 0.96301739 0.88582969 0.97529661 0.77863266 0.98440381
 0.93164379 1.         0.9989542  0.95572167 0.94226705 0.9840042
 0.99230951 1.         0.99237535 0.89437129 0.99996678 0.99456843
 0.99886069 0.97874465 0.94592798],[2, 39.74497483667297, 20.80568154065726, 39.66412187438029, 20.84098581057755, nan, nan, 2, 2, 2, 2, 2, 2, 2, 2, 2, 2, 2, 2, 1, 2, 2, 2, 2, 2, 2, 2, 2, 2, 2, 2, 2, 2, 2, 2, 2, 2, 2, 2, 2, 2, 2, 2, 2, 2, 2, 2, 2, 2, 2, 2, 2, 2, 2, 2, 2, 2]
6,[0.99153994 0.98545962 0.10342232 0.96028062 0.09710786 0.4521342
 0.44294884 0.69988946 0.98722069 0.98401264 0.92600152 1.
 0.91950076 0.9717139  0.63836016 0.99616775 0.99076934 0.99801146
 0.99901451 0.03269287 0.99770708 0.99987562 1.         0.84375619
 0.95298572 1.         1.         0.80603038 0.97704809 0.94513188
 0.83378279 0.90721028 0.38409621 0.96384985 0.94947755 0.99623449
 0.99770182 0.9413663  0.98884761 0.98869264 0.86225071 0.99259525
 0.99888575 0.97588961 0.95017391 0.99976829 0.97917597 0.99770749
 0.97957541 0.93293584 0.81202679 0.92550739 0.57992151 0.99500286
 0.98106239 0.99915511 0.99747322],[3, 39.74849972172964, 20.783491192696463, 39.74471365573426, 20.78242722169326, 39.6683057109898, 20.840700528537855, 3, 3, 3, 3, 3, 3, 3, 2, 3, 3, 3, 3, 1, 3, 3, 3, 3, 3, 3, 3, 3, 3, 3, 3, 3, 2, 3, 3, 3, 3, 3, 3, 3, 3, 3, 3, 3, 3, 3, 3, 3, 3, 3, 3, 3, 2, 3, 3, 3, 3]
7,[0.61850673 0.89290142 0.99869268 0.44517253 0.43059818 0.99842185
 0.99974494 0.93753723 0.99998205 0.99987322 0.         0.99962158
 0.97755344 0.99988926 0.99991823 0.94132876 1.         0.99999978
 0.99376532 0.99997118 0.90504702 0.99891885 0.94295008 0.99992686
 0.98338542 0.99268303 0.99993947 0.99905931 0.99687242 0.99999731
 0.99672698 0.99986774 1.         0.99996377 0.9833177  0.99989794
 0.99908887 0.99997133 0.99999998 0.99790818 0.98027454 0.97687621
 0.99948966 0.99996704 0.99081485 0.99931861 0.99983698 0.99987415
 0.99990696 0.99955664 0.66068239 0.99930175 0.99944197 0.99765196
 0.99994052 0.99999276 0.96404212],[2, 39.7345821147992, 20.934341920421105, 39.66725891325216, 20.838619474606148, nan, nan, 2, 2, 2, 1, 2, 2, 2, 2, 2, 2, 2, 2, 2, 2, 2, 2, 2, 2, 2, 2, 2, 2, 2, 2, 2, 2, 2, 2, 2, 2, 2, 2, 2, 2, 2, 2, 2, 2, 2, 2, 2, 2, 2, 2, 2, 2, 2, 2, 2, 2]
8,[0.52871945 0.95500958 0.20854581 0.40024246 0.4090728  0.67660197
 0.25832184 0.82559915 0.83536835 1.         0.69245862 0.78015072
 0.99855187 0.96644634 0.91020208 0.86787485 0.97774377 0.99234416
 0.99184905 0.4193071  0.79867173 0.87784688 0.99604246 0.99381528
 0.9307808  0.96434079 0.94674099 0.98335002 0.84727501 0.77642016
 0.96535408 0.9729103  0.98091619 0.95730775 0.94018882 0.69636017
 0.97409712 0.89915652 0.9211229  0.77037808 0.91890167 0.89580593
 0.89236094 0.98761274 0.99048428 0.87967496 0.95876301 0.96698035
 0.98355045 0.99165821 0.75370624 0.83199521 0.         0.99632686
 0.85648856 0.83154617 0.76009235],[2, 39.74392107031776, 20.801204226179944, 39.660502957209715, 20.834992504041985, nan, nan, 2, 2, 2, 2, 2, 2, 2, 2, 2, 2, 2, 2, 1, 2, 2, 2, 2, 2, 2, 2, 2, 2, 2, 2, 2, 2, 2, 2, 2, 2, 2, 2, 2, 2, 2, 2, 2, 2, 2, 2, 2, 2, 2, 2, 2, 1, 2, 2, 2, 2]
9,[0.55508602 0.8528868  0.29701615 0.4429063  0.43315807 0.98428132
 0.61093063 0.98896336 0.99623267 0.95374616 0.96297775 0.99733449
 0.98815228 0.96025341 0.43636727 0.98826988 0.96251314 0.71595573
 0.9896164  0.         0.99963429 0.78537683 0.94745699 0.80668737
 0.84009423 0.35856545 0.9430801  0.98275831 0.9348531  0.77154973
 0.97394896 0.99151627 0.95641829 0.89827554 0.87586027 0.89104761
 0.99690113 0.88429728 0.84621518 0.91294905 0.96380725 0.87421507
 0.9881779  0.98851789 0.97537513 0.95141678 0.97616096 0.98161844
 0.95433038 0.97644681 0.998005   0.69408211 1.         0.73027049
 0.85097543 0.88679172 0.97651084],[2, 39.7285652759872, 20.816111249137233, 39.66691814866244, 20.839050809133767, nan, nan, 2, 2, 2, 2, 2, 2, 2, 1, 2, 2, 2, 2, 1, 2, 2, 2, 2, 2, 1, 2, 2, 2, 2, 2, 2, 2, 2, 2, 2, 2, 2, 2, 2, 2, 2, 2, 2, 2, 2, 2, 2, 2, 2, 2, 2, 2, 2, 2, 2, 2]
10,[0.4477095  0.9283224  1.         0.44450327 0.41502729 0.95824165
 0.95511432 0.99602014 0.9231218  0.9948594  0.4199163  0.99990017
 0.94438733 0.97029695 0.93449936 0.98402704 0.97365024 0.91539073
 1.         0.73523138 0.99973678 0.85721239 0.97693392 0.99542112
 0.84316404 0.98845611 0.98918279 0.99067527 0.96466741 0.97793422
 0.90266136 0.94816582 0.96850136 0.91479908 0.91220183 0.99753715
 0.77615385 0.98847616 0.88933964 1.         0.98583096 0.98991767
 0.99696216 0.99688829 1.         0.958515   0.99332599 0.99239376
 0.99795836 0.96723826 0.98419508 0.89758507 0.99618078 0.98670655
 0.96125197 0.94061184 0.99584032],[2, 39.739908226127405, 20.9345622, 39.66715827836438, 20.835995818716484, nan, nan, 2, 2, 2, 1, 2, 2, 2, 2, 2, 2, 2, 2, 2, 2, 2, 2, 2, 2, 2, 2, 2, 2, 2, 2, 2, 2, 2, 2, 2, 2, 2, 2, 2, 2, 2, 2, 2, 2, 2, 2, 2, 2, 2, 2, 2, 2, 2, 2, 2, 2]
11,[0.53818093 0.79471659 0.10758918 0.41986911 0.42995074 0.84316782
 0.95866632 0.99016399 0.94794067 0.97873343 0.82862016 0.95774164
 0.99282238 0.99322567 0.98987054 0.97949913 0.67673496 0.90150689
 0.92388167 0.22929321 0.99575361 0.85868401 0.99703261 0.86115928
 0.99764448 0.5337649  0.94878108 0.98394433 0.95794931 0.89554597
 0.71711769 0.99218705 0.4783301  0.97274088 0.96583631 0.92592138
 0.96002513 0.80093471 0.99627909 0.99366209 0.97836787 0.96207146
 0.27459912 0.95215867 0.96302237 0.9998114  0.97112666 0.99035712
 0.90265571 0.63996493 0.77360909 0.99943802 0.99664949 0.91158032
 0.93699856 0.7766096  0.99172841],[2, 39.71981845481365, 20.784193297866064, 39.66345413889808, 20.83851038254772, nan, nan, 2, 2, 2, 2, 2, 2, 2, 2, 2, 2, 2, 2, 1, 2, 2, 2, 2, 2, 2, 2, 2, 2, 2, 2, 2, 1, 2, 2, 2, 2, 2, 2, 2, 2, 2, 1, 2, 2, 2, 2, 2, 2, 2, 2, 2, 2, 2, 2, 2, 2]
12,[0.35257976 0.7502531  0.2001278  0.40844275 0.45905773 0.54777534
 0.7982181  1.         0.84739554 0.97240333 0.88910994 0.9004598
 0.76212608 0.97794087 0.97904536 0.82077567 0.98622173 0.9211897
 0.90672928 0.42817346 0.82608648 0.9338437  0.93306631 0.89479644
 0.89318177 0.33617843 0.87436035 0.89494379 0.84856277 0.70893753
 0.97504857 0.99128471 0.9616835  0.91966712 0.88550592 0.88699791
 1.         0.94086859 0.93572198 0.83873072 0.40138858 0.62096903
 0.99612031 0.93216329 0.74638259 0.75158498 0.68351392 0.92975281
 0.91825156 0.94673609 0.95777167 0.80051582 0.42930603 0.94324203
 1.         0.89617179 0.52321823],[2, 39.71313265785236, 20.79978581392199, 39.661736002441884, 20.843414834029275, nan, nan, 2, 2, 2, 2, 2, 2, 2, 2, 2, 2, 2, 2, 1, 2, 2, 2, 2, 2, 1, 2, 2, 2, 2, 2, 2, 2, 2, 2, 2, 2, 2, 2, 2, 1, 2, 2, 2, 2, 2, 2, 2, 2, 2, 2, 2, 1, 2, 2, 2, 2]
13,[0.45500204 0.89074185 1.         0.4394366  0.43370032 0.85480067
 0.99984933 0.99855926 0.99999993 1.         0.         0.999996
 0.99999999 1.         0.99999944 0.99999993 0.99987442 1.
 0.99997198 1.         0.99999127 0.99994548 0.99791875 0.99979516
 0.99994499 0.99693116 0.99996411 0.99999922 0.99994797 0.99997777
 0.99999983 1.         0.9998867  0.99998222 1.         0.99999998
 0.99998597 0.99998238 0.99924124 0.99999716 0.99997448 1.
 1.         0.99999999 1.         0.99996621 0.99999462 1.
 0.99999998 1.         1.         0.99999996 0.99999788 0.99998278
 1.         0.99999831 1.        ],[2, 39.73425738850506, 20.9345622, 39.66639642446532, 20.839142176217212, nan, nan, 2, 2, 2, 1, 2, 2, 2, 2, 2, 2, 2, 2, 2, 2, 2, 2, 2, 2, 2, 2, 2, 2, 2, 2, 2, 2, 2, 2, 2, 2, 2, 2, 2, 2, 2, 2, 2, 2, 2, 2, 2, 2, 2, 2, 2, 2, 2, 2, 2, 2]
14,[0.41270835 0.80745085 0.17267478 0.42683012 0.42658918 0.84086053
 0.95431266 0.9000388  0.99774819 0.99193714 0.99792178 0.96734824
 0.60029517 0.80743038 0.         0.65107325 0.97306052 0.96849953
 0.97734781 0.         0.9974009  0.99457814 1.         0.90845026
 0.99527362 0.99732917 0.96843328 0.95615602 0.99586521 0.98760155
 0.99908077 0.9630259  0.94598014 1.         0.9936582  0.92648921
 0.95424902 0.92493161 0.83727928 1.         0.10567416 0.72747002
 1.         0.97951437 0.98757731 0.98441917 0.92913333 0.9821402
 0.98671849 0.9014881  0.99670838 0.98545215 0.9495383  0.92341294
 0.95957594 1.         0.88738895],[2, 39.72173325403789, 20.795160051387896, 39.664500837628, 20.83794396759117, nan, nan, 2, 2, 2, 2, 2, 2, 2, 1, 2, 2, 2, 2, 1, 2, 2, 2, 2, 2, 2, 2, 2, 2, 2, 2, 2, 2, 2, 2, 2, 2, 2, 2, 2, 1, 2, 2, 2, 2, 2, 2, 2, 2, 2, 2, 2, 2, 2, 2, 2, 2]
15,[0.60410025 0.7924623  0.28914732 0.40739137 0.42818495 0.77340946
 0.90029689 0.85718    0.98746495 0.87821937 0.         0.87969548
 0.69671645 0.50253407 0.75847526 0.98651928 0.93201044 0.58702675
 0.74709318 0.49835247 0.83927162 0.93086488 0.91073708 0.990289
 0.71059058 0.755191   0.96489299 0.84735548 0.98311189 0.92608298
 0.61937103 0.92909705 0.45576747 0.96109964 0.997515   1.
 0.84728113 0.46446677 0.96940553 1.         0.66897591 1.
 0.93589236 0.87753779 0.85207343 0.76340017 0.94426031 0.94441269
 0.98153071 0.68355996 0.93896396 0.93436    0.48075403 0.99618878
 0.98778478 0.60324601 0.98667351],[2, 39.71947948657289, 20.814785372371695, 39.66157791117547, 20.83821285094729, nan, nan, 2, 2, 2, 1, 2, 2, 2, 2, 2, 2, 2, 2, 1, 2, 2, 2, 2, 2, 2, 2, 2, 2, 2, 2, 2, 1, 2, 2, 2, 2, 1, 2, 2, 2, 2, 2, 2, 2, 2, 2, 2, 2, 2, 2, 2, 1, 2, 2, 2, 2]
16,[0.99964208 0.99294189 0.12467986 0.82994542 0.         0.43856086
 0.42232992 0.97085512 0.98361732 0.99821489 0.98888482 0.99843762
 0.97060606 0.99130894 0.99884456 0.99999072 0.9786722  0.99564972
 0.99502455 0.12011013 0.99736041 0.97654926 0.98503213 0.99848814
 0.99860955 0.99622559 0.99763994 0.98578896 0.99917558 0.99241314
 0.98232495 0.99647468 0.53213234 0.99991558 0.99987173 1.
 0.99969426 0.99968793 0.99978735 0.99864679 0.96339391 0.99975259
 0.63502866 0.99998376 0.98764121 0.98903328 0.99965981 0.9963645
 0.98558121 0.99997462 0.97169605 0.99985257 0.23510221 0.98274602
 0.99312873 1.         0.99597152],[3, 39.74962480010494, 20.787073032226466, 39.72511567261226, 20.7660648, 39.6662647419734, 20.837226292766463, 3, 3, 3, 3, 3, 3, 3, 3, 3, 3, 3, 3, 1, 3, 3, 3, 3, 3, 3, 3, 3, 3, 3, 3, 3, 2, 3, 3, 3, 3, 3, 3, 3, 3, 3, 2, 3, 3, 3, 3, 3, 3, 3, 3, 3, 1, 3, 3, 3, 3]
17,[0.54580355 0.88835261 0.99863055 0.44085124 0.43532317 0.95222642
 0.76063286 0.99523747 0.99998463 0.99999891 0.46330343 0.99944049
 0.9989082  0.99192394 0.98635314 1.         0.99975905 0.9989178
 1.         0.99520371 0.9980123  0.97539195 1.         0.95101358
 0.97302008 0.9804596  0.99843409 0.9989696  1.         0.99987826
 0.97423755 0.98104779 0.99943494 0.99393749 0.99902311 0.99243419
 0.99949544 0.99423136 1.         0.99975699 0.99588015 0.7706848
 0.99725747 0.99935806 0.98492614 0.99989413 0.9999969  0.99998805
 0.99965308 0.98345486 0.99985513 0.99755    0.99738534 0.99993991
 0.99763445 0.99999362 0.98462322],[2, 39.733898128750475, 20.9343314518614, 39.66660913813099, 20.839415622950128, nan, nan, 2, 2, 2, 1, 2, 2, 2, 2, 2, 2, 2, 2, 2, 2, 2, 2, 2, 2, 2, 2, 2, 2, 2, 2, 2, 2, 2, 2, 2, 2, 2, 2, 2, 2, 2, 2, 2, 2, 2, 2, 2, 2, 2, 2, 2, 2, 2, 2, 2, 2]
18,[0.63437514 0.8927645  0.99999999 0.43618915 0.43109608 0.99974715
 0.99999992 0.99997378 0.99999999 1.         0.13826981 1.
 1.         0.99999586 1.         0.99994882 0.99999902 0.99999494
 0.99831274 0.99934862 0.99996042 0.99998592 0.99999794 0.99999991
 1.         0.99997457 0.99999998 1.         0.99999946 0.99999978
 0.99966591 1.         1.         0.9999986  0.99999989 1.
 0.99999995 0.99999805 1.         0.9998073  0.99753469 0.99716374
 0.99999921 1.         1.         0.9999248  0.99999987 0.99999975
 0.99999886 0.99999929 0.99993768 0.99942727 0.99999072 0.99999897
 0.99999946 0.99999997 0.99986634],[2, 39.73456152680154, 20.934562197755355, 39.66590811727761, 20.838703367969845, nan, nan, 2, 2, 2, 1, 2, 2, 2, 2, 2, 2, 2, 2, 2, 2, 2, 2, 2, 2, 2, 2, 2, 2, 2, 2, 2, 2, 2, 2, 2, 2, 2, 2, 2, 2, 2, 2, 2, 2, 2, 2, 2, 2, 2, 2, 2, 2, 2, 2, 2, 2]
19,[0.54135507 0.81413108 0.         0.43357859 0.41809907 0.74579336
 0.52560542 0.89802204 0.87274862 0.68663042 0.97104785 0.62251057
 0.8888713  0.70909474 0.10234351 0.87409016 0.85015353 0.97114503
 0.52132825 0.45619597 0.95713347 0.85438878 0.9445483  0.54264488
 0.94508014 0.97248177 0.95006561 0.90459048 0.8516992  0.93294931
 0.52899406 0.98138435 0.94182307 0.95032082 0.9539847  0.86378712
 0.67361758 0.97534498 0.99642033 0.85177574 0.7225243  0.92866363
 0.582736   0.76891493 0.96010521 0.77756198 0.74920391 0.82907902
 0.62670815 0.91748476 0.83228668 0.66900139 0.9721292  1.
 0.50069403 0.60542511 0.9064912 ],[2, 39.722737733466424, 20.7660648, 39.66551557852492, 20.836513405568166, nan, nan, 2, 2, 2, 2, 2, 2, 2, 1, 2, 2, 2, 2, 1, 2, 2, 2, 2, 2, 2, 2, 2, 2, 2, 2, 2, 2, 2, 2, 2, 2, 2, 2, 2, 2, 2, 2, 2, 2, 2, 2, 2, 2, 2, 2, 2, 2, 2, 2, 2, 2]
20,[0.65284197 0.99599809 0.13096503 0.43330183 0.45317522 0.84726094
 0.98943921 0.96994788 0.98022687 0.99795922 0.90162871 0.99965114
 0.87254447 0.9564793  1.         0.92310166 0.98275755 0.96622508
 0.93740366 0.04820691 1.         0.92664411 0.97564379 0.89870519
 0.96599396 0.90160287 0.72498384 0.89072813 0.98956979 0.82650912
 0.91528512 0.99659622 0.56229588 0.90428348 0.57522857 0.99728671
 0.7473287  0.9900609  0.95239301 0.95768173 0.95371661 0.99066188
 0.98121991 0.98472301 0.99443972 1.         0.9906609  0.67586332
 0.98606118 0.71381334 0.97449434 0.99141043 0.         0.99388173
 0.95985542 0.63625235 0.99456142],[2, 39.750084348989056, 20.788132067323414, 39.665473963181846, 20.842423646982773, nan, nan, 2, 2, 2, 2, 2, 2, 2, 2, 2, 2, 2, 2, 1, 2, 2, 2, 2, 2, 2, 2, 2, 2, 2, 2, 2, 2, 2, 2, 2, 2, 2, 2, 2, 2, 2, 2, 2, 2, 2, 2, 2, 2, 2, 2, 2, 1, 2, 2, 2, 2]
21,[0.47873074 0.95200131 0.31008876 0.38396894 0.39951082 0.62227494
 0.58905695 0.84825779 0.97973169 0.88027612 0.99009859 0.85613261
 0.9573144  0.81745841 0.88981772 0.83716932 0.83057697 0.91962817
 0.97948716 0.24741448 0.93676238 0.97358915 0.95611736 0.99695672
 0.53238778 0.82760221 0.83164156 0.98432141 0.69620744 0.69886756
 0.90253414 0.94283124 0.91726666 0.70148403 0.60054799 0.96276358
 1.         0.95070372 0.96168278 0.90281014 0.90965538 0.89846991
 0.83572844 0.76648656 0.80354838 0.92404624 0.95060231 0.52875693
 0.89232482 0.98184761 0.9987997  0.99065115 0.45382898 0.92969541
 0.8715097  0.96235609 0.91382279],[2, 39.74346872890047, 20.818313949028447, 39.65805597358195, 20.833381333629582, nan, nan, 2, 2, 2, 2, 2, 2, 2, 2, 2, 2, 2, 2, 1, 2, 2, 2, 2, 2, 2, 2, 2, 2, 2, 2, 2, 2, 2, 2, 2, 2, 2, 2, 2, 2, 2, 2, 2, 2, 2, 2, 2, 2, 2, 2, 2, 1, 2, 2, 2, 2]
22,[0.42051866 0.89876204 0.99567784 0.44551077 0.43693006 0.99763557
 0.99732414 0.90578991 0.99972112 0.99873515 0.16942687 0.99994303
 0.99989521 0.9223141  0.9881487  0.97190778 0.99972655 0.99979394
 0.99999275 0.999989   0.99883189 0.99999984 0.99963639 0.99971171
 0.99892063 0.98711811 0.99991804 0.99900947 0.99835742 0.9999851
 0.9824334  0.99675446 1.         0.99973711 0.999724   0.99912934
 0.99961282 0.99999173 0.96822631 0.99995746 0.95646116 0.99995365
 0.97610206 0.83119977 0.9991732  0.99995297 0.99999897 0.9957769
 0.99887684 0.99971819 0.98805966 0.99988108 0.99993687 0.99446048
 0.99982383 0.99996662 0.99992687],[2, 39.735463352404025, 20.933833926955273, 39.66730977206055, 20.839686378555438, nan, nan, 2, 2, 2, 1, 2, 2, 2, 2, 2, 2, 2, 2, 2, 2, 2, 2, 2, 2, 2, 2, 2, 2, 2, 2, 2, 2, 2, 2, 2, 2, 2, 2, 2, 2, 2, 2, 2, 2, 2, 2, 2, 2, 2, 2, 2, 2, 2, 2, 2, 2]
23,[0.45887587 0.73524514 0.18488572 0.40707264 0.44208556 0.99918797
 0.95763592 0.7938434  0.99628911 0.98122527 0.92989569 0.96729652
 0.62860542 0.90821385 0.91957978 0.89031052 0.95542415 0.94479408
 0.99514288 0.96551544 0.95959998 0.91553548 0.7725674  0.76359312
 0.83507936 0.06618138 0.98611994 0.78267993 1.         0.98630459
 0.92375142 0.98759103 0.82678419 0.90974037 0.92171412 0.96699049
 0.68473429 0.84975331 0.94387781 0.95902701 0.61223123 0.829572
 0.07399513 0.89815525 0.93601866 0.91767436 0.99072642 0.93642525
 0.70586158 1.         0.98000964 0.88307743 0.98392401 0.68289253
 1.         0.93100263 1.        ],[2, 39.71087597042751, 20.7972175637971, 39.66152998456426, 20.840555067057444, nan, nan, 2, 2, 2, 2, 2, 2, 2, 2, 2, 2, 2, 2, 2, 2, 2, 2, 2, 2, 1, 2, 2, 2, 2, 2, 2, 2, 2, 2, 2, 2, 2, 2, 2, 2, 2, 1, 2, 2, 2, 2, 2, 2, 2, 2, 2, 2, 2, 2, 2, 2]
24,[0.61040469 0.         0.53813779 0.446739   0.43102628 0.27178446
 0.41631539 0.08861162 0.85844436 0.78771231 0.9842403  0.08733484
 0.96547034 0.65487356 0.95187662 0.94302521 0.80389069 0.51212822
 0.9979201  0.89477417 0.92237791 0.90127696 0.70738035 0.84851783
 0.94419517 0.98547868 0.93998919 0.97560392 0.94577276 0.95269452
 0.72797031 0.67869163 1.         0.79493114 0.96901596 1.
 0.89688003 0.87479643 0.63132923 0.54575397 0.91421061 0.80861043
 0.9611961  1.         0.98389315 0.99434785 0.92070348 0.94586361
 0.51654531 0.29232829 0.99098405 0.27105239 0.93162185 0.99857173
 0.99815486 0.91809722 0.8748027 ],[2, 39.6003201, 20.856739618007982, 39.66749445634374, 20.838691607310952, nan, nan, 1, 2, 2, 2, 1, 2, 2, 2, 2, 2, 2, 2, 2, 2, 2, 2, 2, 2, 2, 2, 2, 2, 2, 2, 2, 2, 2, 2, 2, 2, 2, 2, 2, 2, 2, 2, 2, 2, 2, 2, 2, 2, 1, 2, 1, 2, 2, 2, 2, 2]
25,[0.63060908 0.89276371 0.99999992 0.44090872 0.43725261 0.99999999
 1.         0.99999985 0.99999696 0.99999994 0.         0.99994886
 1.         0.99999992 1.         0.9999998  0.9996086  0.99913343
 0.99999087 0.99994534 0.99999987 0.9999968  1.         1.
 1.         0.99846392 1.         1.         1.         0.99999866
 0.99999999 1.         0.99999964 1.         0.99999974 1.
 0.99999704 0.99999231 1.         0.99999995 1.         0.9999983
 0.99999821 1.         1.         0.99999064 0.9999673  0.99972989
 0.99949806 0.99999998 0.99999992 0.99999769 0.99999989 0.99999843
 0.99999999 1.         0.99999998],[2, 39.73456140735194, 20.93456218604239, 39.66661778095114, 20.83974072855593, nan, nan, 2, 2, 2, 1, 2, 2, 2, 2, 2, 2, 2, 2, 2, 2, 2, 2, 2, 2, 2, 2, 2, 2, 2, 2, 2, 2, 2, 2, 2, 2, 2, 2, 2, 2, 2, 2, 2, 2, 2, 2, 2, 2, 2, 2, 2, 2, 2, 2, 2, 2]
