1,[0.59957154 0.87847029 0.04978185 0.42466712 0.43886975 0.97247689
 0.47061063 1.         0.95634342 0.97652634 0.64699096 0.97128961
 0.91267364 0.85180423 0.95557623 0.75454408 0.92999324 0.93864223
 0.88769681 0.38434344 0.96486322 1.         0.94444445 0.96585864
 0.91573459 0.913835   0.86627085 0.93866956 0.97865142 0.94457126
 0.79641105 0.83409913 0.76979214 0.94519304 0.96645355 0.84830655
 0.85350661 0.71176391 0.72487708 0.64270342 0.95398319 0.95220401
 0.92374013 0.8341803  0.99867196 0.97727654 0.94213303 0.95407811
 0.92951173 0.97269774 0.77927324 0.81566274 0.45436463 0.66808931
 1.         0.90209519 0.65514149],[2, 39.732412164260936, 20.7744529118609, 39.66417559609167, 20.84001321116684, nan, nan, 2, 2, 2, 2, 2, 2, 2, 2, 2, 2, 2, 2, 1, 2, 2, 2, 2, 2, 2, 2, 2, 2, 2, 2, 2, 2, 2, 2, 2, 2, 2, 2, 2, 2, 2, 2, 2, 2, 2, 2, 2, 2, 2, 2, 2, 1, 2, 2, 2, 2]
2,[0.35919794 0.68058226 0.15070358 0.430012   0.45865841 0.56292041
 0.50034197 0.97420664 0.99997699 0.96018603 0.5774345  0.95356076
 0.98734051 0.86101615 0.93659789 1.         0.96882576 0.98452128
 0.75417268 0.98390028 0.91776095 0.98368521 0.99612897 1.
 0.89564522 0.92255251 0.98072364 0.98541682 0.86505548 0.98674771
 0.99883717 0.96688967 0.44671173 0.98928373 1.         0.92637659
 0.99864783 0.90222775 0.82029784 0.94187545 0.99221955 0.38223488
 0.49994127 0.89609729 0.99321196 0.93958381 0.76702876 0.92405421
 0.5581935  0.93185475 0.85226593 0.99939344 0.83289469 0.90535272
 0.99845202 0.93550865 0.95473149],[2, 39.702656531640336, 20.791457961097912, 39.66497928416277, 20.843347549726143, nan, nan, 2, 2, 2, 2, 2, 2, 2, 2, 2, 2, 2, 2, 2, 2, 2, 2, 2, 2, 2, 2, 2, 2, 2, 2, 2, 1, 2, 2, 2, 2, 2, 2, 2, 2, 1, 1, 2, 2, 2, 2, 2, 2, 2, 2, 2, 2, 2, 2, 2, 2]
3,[0.40681358 0.98940977 0.01610576 0.42420744 0.43641179 0.84321326
 0.3863922  0.9509391  0.94868995 0.80325055 0.75997193 0.93962395
 0.85358595 0.99112103 0.72352904 0.97150705 1.         0.8797331
 0.85338406 0.39574041 0.98653063 0.65141268 0.8983744  0.98758268
 0.97810821 0.7792312  0.82535965 0.8319393  0.88031088 0.95748836
 0.91020941 0.98108106 0.91597774 0.93841213 0.72193167 0.95834563
 0.99919332 0.79449379 0.90984226 0.92786335 0.60911673 0.98625036
 0.93727594 1.         0.69047503 0.66911083 0.90367197 0.77980419
 0.94105964 0.96267567 0.88183462 0.97661219 0.38092565 0.64514685
 0.88926949 0.9492988  0.91510241],[2, 39.749093689551856, 20.76877857916056, 39.66410647660551, 20.839599052455736, nan, nan, 2, 2, 2, 2, 2, 2, 2, 2, 2, 2, 2, 2, 1, 2, 2, 2, 2, 2, 2, 2, 2, 2, 2, 2, 2, 2, 2, 2, 2, 2, 2, 2, 2, 2, 2, 2, 2, 2, 2, 2, 2, 2, 2, 2, 2, 1, 2, 2, 2, 2]
4,[0.56688297 0.89162768 0.99977871 0.44510227 0.43622811 0.99993336
 0.68527881 0.98031838 0.99341023 0.99113624 0.17391708 0.98631153
 0.98596985 0.98874949 0.98850551 0.99889628 0.98095018 0.99000745
 1.         0.99227096 1.         0.99998064 0.99969174 0.98737892
 0.85215857 0.98544137 0.99878347 1.         1.         0.99960441
 0.92648298 0.99799906 0.9998805  1.         0.95106344 0.99999532
 0.99435378 0.99922867 0.99587884 0.9988004  0.9881269  0.99927657
 0.99022666 0.97708841 0.96946083 0.99954181 0.99950063 0.76884079
 0.96320927 0.97759089 0.99995354 0.99854093 0.99434822 0.99291835
 0.99751027 0.99958468 0.97927517],[2, 39.73439058798442, 20.934524912652332, 39.66724834799144, 20.8395681020283, nan, nan, 2, 2, 2, 1, 2, 2, 2, 2, 2, 2, 2, 2, 2, 2, 2, 2, 2, 2, 2, 2, 2, 2, 2, 2, 2, 2, 2, 2, 2, 2, 2, 2, 2, 2, 2, 2, 2, 2, 2, 2, 2, 2, 2, 2, 2, 2, 2, 2, 2, 2]
5,[0.53082415 0.67367519 0.30110036 0.43534919 0.42735155 0.96694971
 0.42157129 0.78449734 0.54436068 0.99140823 0.68104171 0.94622137
 0.98929381 0.97952064 0.8850566  0.93723659 0.88918679 0.9218128
 0.95594144 0.98921248 0.91231209 0.92951751 0.94960839 0.95704708
 0.95043617 0.9622115  0.97068128 0.97117595 1.         0.99168547
 0.89701403 0.99198002 0.13421481 0.96065088 0.99073582 0.82169854
 0.77030852 0.92629324 0.87001117 0.91325881 0.99197661 0.93824794
 0.95747659 0.84449157 0.98576679 0.68565592 0.99665663 0.9793707
 0.94127746 0.95287677 0.54137865 0.79261914 0.44825109 0.98708815
 0.96547932 0.08596815 0.85362996],[2, 39.701617943640265, 20.81679942857063, 39.66578181637082, 20.838072424647542, nan, nan, 2, 2, 2, 2, 2, 2, 2, 2, 2, 2, 2, 2, 2, 2, 2, 2, 2, 2, 2, 2, 2, 2, 2, 2, 2, 1, 2, 2, 2, 2, 2, 2, 2, 2, 2, 2, 2, 2, 2, 2, 2, 2, 2, 2, 2, 1, 2, 2, 1, 2]
6,[0.43264796 0.87788545 0.20081498 0.4339512  0.43508446 0.8254108
 0.10334921 0.79813726 0.84483043 0.82815687 0.78097628 0.98016564
 0.9968358  0.55508236 0.98089906 0.97986451 0.58190973 0.91613196
 0.68315045 0.         0.9919654  0.93396715 0.84253041 0.96905266
 0.75561718 0.85759366 0.92967607 0.75356989 0.9600535  0.95008927
 0.6910023  0.90071496 0.99736134 0.6931898  0.80739741 0.95431209
 0.98286111 0.90554931 0.96910298 0.83234456 0.81362382 0.97054626
 0.81329728 0.65282374 0.88139295 0.94672471 0.77803526 0.83261266
 0.78576121 0.78369707 0.90289401 0.85988905 0.49647369 0.87416693
 0.96131443 0.81408785 0.92389396],[2, 39.73232422410669, 20.799901601405182, 39.66557160614002, 20.839375399692514, nan, nan, 2, 2, 2, 2, 2, 2, 2, 2, 2, 2, 2, 2, 1, 2, 2, 2, 2, 2, 2, 2, 2, 2, 2, 2, 2, 2, 2, 2, 2, 2, 2, 2, 2, 2, 2, 2, 2, 2, 2, 2, 2, 2, 2, 2, 2, 1, 2, 2, 2, 2]
7,[0.44110375 0.63155778 0.17131426 0.44990228 0.41604019 0.34431839
 0.85826923 0.63638598 0.95089121 0.91755286 0.76893097 0.73982108
 0.68858341 0.56353765 0.         0.7124285  0.99379175 0.87304411
 0.74928157 0.95075584 0.95129985 0.88846513 0.87835699 0.92259905
 0.84439599 0.46640129 0.97046869 0.72902682 0.72385417 0.7755008
 0.87185466 0.66454906 0.88727857 0.66150832 0.84444622 0.84034811
 0.82624774 0.77514902 1.         0.99956884 0.48508229 0.60944749
 0.61098847 0.94233629 0.96416918 0.95526    0.57556599 0.69191774
 0.76724187 0.91745695 1.         0.84994351 0.24935797 0.80938704
 0.98925765 0.70590518 0.        ],[2, 39.695284916753735, 20.7949308074696, 39.667970105737254, 20.836166490680114, nan, nan, 2, 2, 2, 2, 2, 2, 2, 1, 2, 2, 2, 2, 2, 2, 2, 2, 2, 2, 1, 2, 2, 2, 2, 2, 2, 2, 2, 2, 2, 2, 2, 2, 2, 1, 2, 2, 2, 2, 2, 2, 2, 2, 2, 2, 2, 1, 2, 2, 2, 1]
8,[0.42974208 0.65579685 0.20297101 0.4159253  0.45777811 0.54998799
 0.70914652 0.95991719 0.97000731 0.9990526  0.92558943 0.98769494
 0.48792914 0.87371987 0.         0.78575636 0.4784748  0.16622059
 0.97693596 0.91858648 0.86439721 0.99776742 0.71399675 0.57488782
 0.8649507  0.86969566 0.7481799  0.5914615  0.72565434 0.65352961
 0.89983055 0.99967595 0.87674258 0.94795808 0.99535701 0.90198939
 0.6343165  0.9296082  0.86450959 0.99916598 0.39786178 0.95787439
 0.92361112 1.         0.98962814 0.70291353 0.98338988 0.67087257
 0.940603   0.58001802 0.9833405  0.87193453 0.14364463 0.90117855
 0.99478891 0.49299849 0.90261525],[2, 39.698929648515545, 20.800264886712416, 39.662861123618214, 20.843199220811062, nan, nan, 2, 2, 2, 2, 2, 1, 2, 1, 2, 1, 1, 2, 2, 2, 2, 2, 2, 2, 2, 2, 2, 2, 2, 2, 2, 2, 2, 2, 2, 2, 2, 2, 2, 1, 2, 2, 2, 2, 2, 2, 2, 2, 2, 2, 2, 1, 2, 2, 1, 2]
9,[0.52721938 0.84145361 0.         0.46768796 0.45347168 0.9893495
 0.19019229 0.96182897 0.93021687 0.93289295 0.74654054 0.53881073
 0.82239211 0.73088758 0.98025967 0.92301138 0.8526884  0.91970494
 1.         0.03690222 1.         0.94444795 0.95326046 0.96009288
 0.95682782 0.92932813 0.8595318  0.98690619 0.66048255 0.82709416
 0.99271779 0.95121758 0.87475366 0.95903753 0.84190537 0.77179031
 0.90438917 0.88122543 0.82050567 0.98838255 0.89375573 0.94687989
 0.39479957 0.98031188 0.96614034 0.75521573 0.95308904 0.99625292
 0.99841002 0.74626814 0.59456637 0.96052623 0.4585138  0.86867326
 0.92532209 0.87050895 0.93889021],[2, 39.72684611340834, 20.7660648, 39.67064446716166, 20.84247359916012, nan, nan, 2, 2, 2, 2, 2, 2, 2, 2, 2, 2, 2, 2, 1, 2, 2, 2, 2, 2, 2, 2, 2, 2, 2, 2, 2, 2, 2, 2, 2, 2, 2, 2, 2, 2, 2, 1, 2, 2, 2, 2, 2, 2, 2, 2, 2, 1, 2, 2, 2, 2]
10,[0.55145544 0.81847897 0.06566519 0.38541948 0.41465497 0.91115138
 0.80663276 0.93169623 0.81761747 0.97323031 0.86655085 0.98628827
 0.98483593 0.98175414 0.97243427 0.74827081 0.9289951  0.95522408
 0.69109336 0.28003598 0.79991623 0.95585998 0.97364257 0.99409033
 0.83216839 0.50299798 0.98845074 0.95997644 0.96807637 0.86997676
 0.93947675 0.70083074 0.86159035 0.88562497 0.99439842 0.98679585
 0.95615    0.93806966 0.96984109 0.70797637 0.41857212 0.97260924
 0.09582056 0.82680609 0.98754567 0.95404131 0.81841257 0.87944517
 0.96740475 0.95022789 0.84821068 0.80683007 0.44346276 0.96083818
 0.97255042 0.95232949 0.51724467],[2, 39.72339150899735, 20.777129213685683, 39.6582740861881, 20.835933084284104, nan, nan, 2, 2, 2, 2, 2, 2, 2, 2, 2, 2, 2, 2, 1, 2, 2, 2, 2, 2, 2, 2, 2, 2, 2, 2, 2, 2, 2, 2, 2, 2, 2, 2, 2, 1, 2, 1, 2, 2, 2, 2, 2, 2, 2, 2, 2, 1, 2, 2, 2, 2]
11,[0.5340061  0.78912897 0.22880418 0.42178914 0.45073603 0.73662609
 0.905231   0.72531279 0.81359075 1.         0.94358429 0.89130696
 0.96593148 0.82922064 0.447005   0.85336681 0.93528783 0.79274309
 0.99784319 0.35856001 0.96422268 0.99271139 0.99463847 0.94036718
 0.77927835 0.8675873  0.61720578 0.91640658 0.83386534 0.9527297
 0.98453986 0.86447328 0.95454104 0.99019352 0.80904137 0.80557509
 0.90560872 0.98510712 0.92857809 0.95237637 0.38789665 0.93795413
 0.87671606 0.89273147 0.69005289 0.90982513 0.80597755 0.9682129
 0.79016659 0.9873551  0.88185856 0.86136757 0.77278314 0.9421978
 0.54210965 1.         0.91935542],[2, 39.71897826656608, 20.804617709245317, 39.66374284522209, 20.842012649564953, nan, nan, 2, 2, 2, 2, 2, 2, 2, 1, 2, 2, 2, 2, 1, 2, 2, 2, 2, 2, 2, 2, 2, 2, 2, 2, 2, 2, 2, 2, 2, 2, 2, 2, 2, 1, 2, 2, 2, 2, 2, 2, 2, 2, 2, 2, 2, 2, 2, 2, 2, 2]
12,[0.61839851 0.97496861 0.14780284 0.41852227 0.37896881 0.90832862
 0.31458479 0.91997578 0.93254218 0.69674686 0.55373313 0.55084225
 0.71511853 0.95159637 0.07163105 0.90869538 0.98707452 1.
 0.73912837 0.         0.86984914 0.88084603 0.96989789 0.85951281
 0.94643213 0.75718726 0.99098233 0.98916923 0.96986001 0.88615941
 0.65567809 0.80735492 0.23060179 0.9198857  0.9356876  0.82602135
 0.85622182 0.96369015 0.87473248 0.93409503 0.16364541 0.82396537
 0.78402861 0.96477203 0.75999769 0.94805079 1.         0.95743197
 0.93163742 0.84098963 0.50579135 0.88651504 0.44552673 0.92018177
 0.9864131  0.87538245 0.83414233],[2, 39.74692222984691, 20.790969193680958, 39.66325161936152, 20.82992005837072, nan, nan, 2, 2, 2, 2, 2, 2, 2, 1, 2, 2, 2, 2, 1, 2, 2, 2, 2, 2, 2, 2, 2, 2, 2, 2, 2, 1, 2, 2, 2, 2, 2, 2, 2, 1, 2, 2, 2, 2, 2, 2, 2, 2, 2, 2, 2, 1, 2, 2, 2, 2]
13,[0.44098479 0.9305254  0.20591294 0.4178834  0.42715774 0.91419194
 0.92702176 0.92105308 0.81486995 0.88769016 0.95437365 0.88518108
 0.99644151 0.88629975 1.         0.7921084  0.81534413 0.98887845
 0.87745831 0.34493817 0.89529418 0.97834319 0.69836082 1.
 0.98984671 0.91637431 0.95048381 1.         0.85856305 0.9024242
 0.99503147 0.87888405 0.73515389 0.99866199 0.83535645 0.80958416
 0.91117091 0.94348536 0.96683586 0.94443979 0.97081709 0.98077409
 0.91686905 0.97419089 1.         0.88180502 0.98341724 0.99766233
 0.92284155 0.99453188 0.88136958 0.97705135 0.48601416 0.91587738
 1.         0.97933327 0.89766283],[2, 39.7402394826117, 20.80076059463463, 39.663155555836994, 20.83803976916581, nan, nan, 2, 2, 2, 2, 2, 2, 2, 2, 2, 2, 2, 2, 1, 2, 2, 2, 2, 2, 2, 2, 2, 2, 2, 2, 2, 2, 2, 2, 2, 2, 2, 2, 2, 2, 2, 2, 2, 2, 2, 2, 2, 2, 2, 2, 2, 1, 2, 2, 2, 2]
14,[0.54236388 0.96673955 0.14954582 0.43713926 0.45763355 0.96311788
 0.91137835 0.96517957 0.99797037 0.97693128 0.90827313 0.99193428
 0.99862433 0.99786405 0.89552437 0.91600231 0.98436429 0.9926949
 0.99298838 0.49353395 0.94123258 0.96064293 0.82845733 1.
 0.94354932 0.87404362 0.98819843 0.9497248  0.9728516  0.99797144
 0.97087799 0.99102687 0.45374341 0.9946676  0.99235246 0.99954068
 0.99631384 0.93569881 1.         0.97239865 0.97782268 0.96115537
 0.93628551 0.9981116  0.98489292 0.9871309  0.9887317  0.96495234
 0.99898476 0.9898853  0.99311028 0.97020422 0.99896429 0.99985404
 0.93786857 0.7745666  0.97938454],[2, 39.74568485941, 20.79126288268054, 39.66605098154891, 20.84317486291502, nan, nan, 2, 2, 2, 2, 2, 2, 2, 2, 2, 2, 2, 2, 1, 2, 2, 2, 2, 2, 2, 2, 2, 2, 2, 2, 2, 1, 2, 2, 2, 2, 2, 2, 2, 2, 2, 2, 2, 2, 2, 2, 2, 2, 2, 2, 2, 2, 2, 2, 2, 2]
15,[0.47329707 0.72503149 0.14376281 0.44624497 0.45140779 0.77762176
 0.69697677 0.99153819 0.99851423 0.97264646 0.73133612 0.99230531
 0.98714199 0.92260782 0.24346721 0.88575481 1.         0.25967878
 0.98551525 0.99019347 1.         0.8653993  0.9557778  0.90147631
 0.96613174 0.99557167 1.         0.94373009 0.9664396  0.90314778
 0.98020016 0.92643442 0.48603337 0.93564342 0.95094301 0.86683061
 0.91983555 0.94208181 0.9741011  0.86186583 0.94808837 0.83843348
 0.99901857 0.93393348 0.99403201 0.89898257 0.93581539 0.98093686
 0.90845636 0.78512796 0.90810758 0.99359168 0.62596134 0.95623942
 0.95126887 0.94814924 0.6070711 ],[2, 39.70934018550664, 20.79028845959484, 39.66742017180424, 20.84212583875716, nan, nan, 2, 2, 2, 2, 2, 2, 2, 1, 2, 2, 1, 2, 2, 2, 2, 2, 2, 2, 2, 2, 2, 2, 2, 2, 2, 1, 2, 2, 2, 2, 2, 2, 2, 2, 2, 2, 2, 2, 2, 2, 2, 2, 2, 2, 2, 2, 2, 2, 2, 2]
16,[0.56407584 0.66009517 0.22392306 0.45145642 0.45533971 0.32542942
 0.59775791 0.89506299 0.82437119 0.72789584 0.80181179 0.80682584
 0.79034815 0.91879652 0.9946621  0.01437652 0.93322776 0.78890167
 0.76747322 0.30349031 0.93170842 0.91454911 0.78512096 0.25718339
 0.828111   0.97823538 0.91978539 0.90242341 0.90676373 0.90880634
 0.96898626 0.86554275 0.1819512  0.79576474 0.75594504 0.91017627
 0.9745393  0.78345525 0.85600954 0.72149414 0.42766399 0.38162159
 0.41992285 0.87641552 0.90346403 0.92418979 0.97126648 0.97469209
 0.86291007 0.92721887 0.91857768 0.95882091 0.97118862 0.98891805
 0.24902744 0.97466641 0.23320779],[2, 39.699575970592754, 20.80379525374357, 39.66820379565749, 20.84278835685793, nan, nan, 2, 2, 2, 2, 2, 2, 2, 2, 1, 2, 2, 2, 1, 2, 2, 2, 1, 2, 2, 2, 2, 2, 2, 2, 2, 1, 2, 2, 2, 2, 2, 2, 2, 1, 1, 1, 2, 2, 2, 2, 2, 2, 2, 2, 2, 2, 2, 1, 2, 1]
17,[0.45942213 0.76504566 0.2215281  0.45782057 0.43444429 0.74681279
 0.26930468 0.71741604 0.76629995 0.81559431 0.87643131 0.71854252
 0.94260471 0.94671144 0.97416263 0.86125632 0.96548397 0.86248537
 0.89218234 0.87947342 0.98093325 0.90325798 0.76429515 0.81072215
 1.         0.95621803 0.96743202 0.90106418 0.76387435 0.82058561
 0.89333888 0.99893662 0.67142193 0.94923295 0.74407977 0.90403689
 0.90386968 0.99742166 0.72846216 0.87420557 0.92160272 0.86479568
 0.04662517 0.8943414  0.85822154 0.87552679 0.875854   0.84272659
 0.73819824 0.73588303 0.91883651 0.58789093 0.         0.86155435
 0.71804787 0.25996236 0.95652834],[2, 39.715356956247994, 20.80339170969956, 39.66916074752416, 20.839267533569465, nan, nan, 2, 2, 2, 2, 2, 2, 2, 2, 2, 2, 2, 2, 2, 2, 2, 2, 2, 2, 2, 2, 2, 2, 2, 2, 2, 2, 2, 2, 2, 2, 2, 2, 2, 2, 2, 1, 2, 2, 2, 2, 2, 2, 2, 2, 2, 1, 2, 2, 1, 2]
18,[0.61222115 0.89199044 0.99946536 0.44486178 0.42924533 0.91975569
 0.93052712 0.98781327 0.85350854 0.79888893 0.48469282 0.99888657
 0.99991711 0.97692844 0.98674867 0.99884133 0.99999659 0.99660567
 0.91984112 0.99249744 0.99912052 0.98662149 0.99916801 0.98393592
 0.97429375 0.98707437 0.99994115 0.99960036 0.99995624 0.99847673
 0.98799865 0.9978909  0.99991636 0.93102297 0.9698073  0.99999475
 0.9998159  0.99934599 0.99921489 0.99847394 0.95465322 0.99855224
 0.98849366 0.99981406 0.99639552 0.9998962  0.99970055 0.91958747
 1.         0.99966184 0.9999884  0.99982032 0.96820302 0.99860476
 0.99747749 0.99501187 0.99290084],[2, 39.734445133852034, 20.934472114197, 39.667212185797815, 20.838391521366315, nan, nan, 2, 2, 2, 1, 2, 2, 2, 2, 2, 2, 2, 2, 2, 2, 2, 2, 2, 2, 2, 2, 2, 2, 2, 2, 2, 2, 2, 2, 2, 2, 2, 2, 2, 2, 2, 2, 2, 2, 2, 2, 2, 2, 2, 2, 2, 2, 2, 2, 2, 2]
19,[0.47767461 1.         0.42844187 0.43872899 0.41168167 0.2426035
 0.6766583  0.9423134  0.93871609 0.99845398 0.44586682 0.97670369
 0.89528374 0.74986062 0.9576362  0.7281799  0.82313134 0.95345439
 0.66727425 0.02388866 0.93563107 0.99173768 0.94106253 0.73118741
 0.9888009  0.97599221 0.92672441 0.89918711 0.90952087 0.92475764
 0.91840239 0.87097292 0.97098045 0.84538309 0.96154956 0.82081835
 0.97581576 0.91894968 0.70152411 0.97197311 0.96682368 0.97099384
 0.98288898 1.         0.99385584 0.98475921 0.96043237 0.65636372
 0.95725486 0.87215252 0.982955   0.91066417 0.41435766 0.75076333
 0.87530481 0.70602225 0.84404233],[2, 39.7506861, 20.83825614059263, 39.6662900234547, 20.83543209045395, nan, nan, 2, 2, 2, 1, 2, 2, 2, 2, 2, 2, 2, 2, 1, 2, 2, 2, 2, 2, 2, 2, 2, 2, 2, 2, 2, 2, 2, 2, 2, 2, 2, 2, 2, 2, 2, 2, 2, 2, 2, 2, 2, 2, 2, 2, 2, 1, 2, 2, 2, 2]
20,[0.50168622 0.69720697 0.22788563 0.43395214 0.43812822 0.53126304
 0.36745245 0.64879466 0.51114181 0.69876041 0.92957496 0.93345306
 0.62820896 0.89598446 0.57904095 0.5697479  0.918904   0.19812041
 0.81475708 0.29355076 0.59021134 0.90223611 1.         0.56016007
 0.84507563 0.99704244 0.69717225 0.67171877 0.85698211 0.78271823
 0.51158212 0.68354703 0.03125872 0.91658991 0.85770846 0.63320073
 0.9511748  0.9044037  0.73354347 0.91909819 0.60134258 0.41341848
 0.71294988 0.86514411 0.75827418 0.57111194 0.76333589 0.62236226
 0.78738442 0.70238322 0.72919568 0.58533561 0.96498703 0.61927618
 0.53364988 0.70681065 0.93669101],[2, 39.705156323943605, 20.804462935904848, 39.665571747183634, 20.839888265623628, nan, nan, 2, 2, 2, 2, 2, 2, 2, 2, 2, 2, 1, 2, 1, 2, 2, 2, 2, 2, 2, 2, 2, 2, 2, 2, 2, 1, 2, 2, 2, 2, 2, 2, 2, 2, 1, 2, 2, 2, 2, 2, 2, 2, 2, 2, 2, 2, 2, 2, 2, 2]
21,[0.55026497 0.05122179 0.55105178 0.43600409 0.38977158 0.8627628
 0.55822331 0.10199992 0.15379173 0.97483825 0.         0.72122527
 0.92193831 0.43599006 0.51866664 0.97809352 0.94638934 0.94272319
 0.62118261 0.81955765 0.91507516 0.58541446 0.92925491 0.76972921
 0.99469169 0.78509875 1.         0.04581432 0.5638383  0.83165703
 0.99374848 0.92961024 0.57153123 0.75055518 0.74625099 0.93448048
 0.93181988 0.57253607 0.58194894 0.91217316 0.9907406  0.86292225
 0.9598409  0.96451598 0.64881072 0.96858528 0.73066024 0.91059833
 0.01365895 0.87460381 0.76523978 0.88432227 0.91800429 0.85510626
 0.68908994 0.62031722 0.97841691],[2, 39.60802211630014, 20.858915592368913, 39.665880291235055, 20.831740297143515, nan, nan, 1, 1, 2, 1, 2, 2, 1, 2, 2, 2, 2, 2, 2, 2, 2, 2, 2, 2, 2, 2, 1, 2, 2, 2, 2, 2, 2, 2, 2, 2, 2, 2, 2, 2, 2, 2, 2, 2, 2, 2, 2, 1, 2, 2, 2, 2, 2, 2, 2, 2]
22,[0.43618849 0.92817809 0.17660921 0.41590485 0.41793216 0.94301294
 1.         0.90306859 0.85465732 0.95173605 0.71654561 0.98254015
 0.91066561 0.78317119 0.97023619 0.8767952  1.         0.84444797
 0.8026602  0.01078159 1.         0.833521   0.98952717 0.93210323
 0.90506656 0.83465027 0.98048246 0.9902616  0.97854669 0.99484648
 0.8648838  0.95397881 1.         0.82336953 0.98112738 0.92491637
 0.86396079 0.93887183 0.97374064 0.7420802  0.96488982 0.96618499
 0.29438104 0.93993381 0.93174131 0.62114087 0.9512115  0.99480765
 0.96897944 0.89173927 0.98844224 0.71567553 0.48644812 0.91847953
 1.         0.79343958 0.96144466],[2, 39.73988652741399, 20.79582299278403, 39.662858049274, 20.83648528176965, nan, nan, 2, 2, 2, 2, 2, 2, 2, 2, 2, 2, 2, 2, 1, 2, 2, 2, 2, 2, 2, 2, 2, 2, 2, 2, 2, 2, 2, 2, 2, 2, 2, 2, 2, 2, 2, 1, 2, 2, 2, 2, 2, 2, 2, 2, 2, 1, 2, 2, 2, 2]
23,[0.3670284  0.8064527  0.2576254  0.39362644 0.45243113 0.73543141
 0.99355019 0.99393859 0.81086622 0.92923403 0.31977189 1.
 0.97659374 0.99749402 0.4348133  0.97345247 0.97225635 0.97483516
 0.84602779 0.45619523 0.76360251 0.61397012 0.84511477 0.74235003
 0.84243591 0.89703946 0.9993699  0.94310345 0.69898196 0.94453043
 0.72516316 0.79310326 0.59829151 0.83744109 0.98184165 0.7131176
 0.50096189 0.94425312 0.96185116 0.88221311 0.97196092 0.82871134
 0.80516408 1.         0.83213482 0.96781257 0.83247732 0.78762871
 0.81649766 0.8523364  0.50214682 0.96428397 0.45114514 0.53416689
 0.77344312 0.39732957 0.48320997],[2, 39.72158316672928, 20.80947401036439, 39.65950813343194, 20.84229826863737, nan, nan, 2, 2, 2, 1, 2, 2, 2, 1, 2, 2, 2, 2, 1, 2, 2, 2, 2, 2, 2, 2, 2, 2, 2, 2, 2, 2, 2, 2, 2, 2, 2, 2, 2, 2, 2, 2, 2, 2, 2, 2, 2, 2, 2, 2, 2, 1, 2, 2, 1, 1]
24,[0.56651528 0.09435892 0.60409477 0.42538426 0.36786698 0.88692378
 0.88082045 0.         0.84402198 0.87959569 0.92279354 0.
 0.75516518 0.57647525 0.9583554  0.99948611 0.71196924 0.9853518
 0.91154247 1.         0.91395217 0.92757639 0.97071112 0.90745017
 0.98131886 0.97799731 0.96234581 0.99968914 0.80979708 0.98174778
 0.77476563 1.         0.95379517 0.71899636 0.64380362 0.92921274
 0.78384307 0.73095991 0.73178003 0.96715294 0.82008008 0.99952544
 1.         1.         0.9019628  0.75184709 0.89166795 0.89012822
 0.74640189 0.2956015  0.93311245 0.4953187  0.99195191 0.95639073
 0.7978787  0.99953473 0.94086646],[2, 39.61450847407854, 20.86785319871369, 39.664283430188796, 20.828049430301338, nan, nan, 1, 2, 2, 2, 1, 2, 2, 2, 2, 2, 2, 2, 2, 2, 2, 2, 2, 2, 2, 2, 2, 2, 2, 2, 2, 2, 2, 2, 2, 2, 2, 2, 2, 2, 2, 2, 2, 2, 2, 2, 2, 2, 1, 2, 1, 2, 2, 2, 2, 2]
25,[0.60118625 0.89423335 0.99881588 0.44568162 0.43586702 1.
 0.99258303 0.92787578 0.78640832 0.99267907 0.33791342 0.99611115
 0.99268602 0.97501378 0.99866461 0.99764246 0.99493186 0.99995971
 0.98565227 0.99698121 0.99819928 0.99890394 0.99997134 0.99069182
 0.99123305 0.98210205 0.87815297 0.99827947 1.         0.93506664
 0.98693409 0.91802346 0.99090042 0.99767473 0.98559269 0.98012419
 0.97671995 0.99333614 0.99801762 0.999995   0.93292258 0.99496515
 0.99037172 0.99735566 0.98011726 0.99811906 0.98020337 0.8859393
 1.         0.99909053 0.71852971 0.9411327  0.99672268 0.99924281
 0.99291438 0.89106634 0.99145947],[2, 39.734782391566895, 20.93436267858984, 39.66733546261472, 20.83950725897341, nan, nan, 2, 2, 2, 1, 2, 2, 2, 2, 2, 2, 2, 2, 2, 2, 2, 2, 2, 2, 2, 2, 2, 2, 2, 2, 2, 2, 2, 2, 2, 2, 2, 2, 2, 2, 2, 2, 2, 2, 2, 2, 2, 2, 2, 2, 2, 2, 2, 2, 2, 2]
