1,[0.36777419 0.09511273 0.70369815 0.4881094  0.40023869 0.74510884
 0.41251522 0.74166499 0.         0.99943277 0.9620191  0.94382525
 0.97181496 0.60430163 0.96642425 0.98834293 0.96846678 0.97375554
 0.80502892 0.74554364 0.93030718 0.98747511 0.95941442 0.7591769
 0.79411983 0.99427924 0.35393714 0.97563895 0.98295262 0.43524997
 0.99478887 0.90188086 0.95777476 0.83464548 0.861717   0.95737327
 0.94028967 0.85899838 0.81136117 0.88261882 0.97704942 0.51019867
 0.77701804 0.94323092 0.82868168 0.8345151  0.83934447 0.99767765
 0.09938708 0.70078732 0.50032536 0.48846825 0.99645867 0.90090909
 0.90432187 0.96044634 0.89442048],[2, 39.61462182053894, 20.884636109413535, 39.67371515802168, 20.833503979068997, nan, nan, 2, 1, 2, 2, 2, 2, 2, 2, 2, 2, 2, 2, 2, 2, 2, 2, 2, 2, 2, 1, 2, 2, 1, 2, 2, 2, 2, 2, 2, 2, 2, 2, 2, 2, 2, 2, 2, 2, 2, 2, 2, 1, 2, 2, 1, 2, 2, 2, 2, 2]
2,[0.53732538 0.0949733  0.88274437 0.42201873 0.36823014 0.99824432
 0.94429884 0.93816068 0.         0.94219465 0.93265851 0.9792352
 0.97747158 0.99832945 0.8112407  0.63520557 0.93025694 0.99737892
 0.92055392 0.94137977 0.95030512 0.92314164 0.98485295 0.9255441
 0.97445824 0.81470378 0.55319713 0.99992236 0.83441726 0.69894442
 0.87528641 0.7328479  0.53491098 0.74940568 0.83560836 0.9926545
 0.95516318 0.78359385 0.99429851 0.5142828  0.98735659 0.9789972
 0.99333518 0.32639889 0.90778082 0.58354734 0.85331233 0.94912529
 0.18093066 0.60114459 0.97944184 0.88896919 0.82970993 0.77565437
 0.98954426 0.9967645  0.68884893],[2, 39.61460085534876, 20.9148049305281, 39.663777367649054, 20.82811062125452, nan, nan, 2, 1, 2, 2, 2, 2, 2, 2, 2, 2, 2, 2, 2, 2, 2, 2, 2, 2, 2, 2, 2, 2, 2, 2, 2, 2, 2, 2, 2, 2, 2, 2, 2, 2, 2, 2, 1, 2, 2, 2, 2, 1, 2, 2, 2, 2, 2, 2, 2, 2]
3,[0.99718793 0.98446187 0.9982367  0.99367888 0.14494461 0.43002102
 0.4341256  0.98361897 0.96597545 0.95038175 0.         0.99956574
 0.99083534 0.99951234 0.99999719 0.99865385 0.99908042 1.
 0.9970534  0.52080167 0.97564306 1.         0.97960869 0.99999649
 0.99539465 0.81507292 0.99991676 0.99994521 0.99738006 0.99123733
 0.99584422 0.99885822 0.87077812 0.99978149 0.99996281 0.99787653
 0.9999977  0.96829899 0.99998227 0.9999424  0.99903107 0.97778751
 0.99997048 0.99636473 0.99994413 0.99989461 0.99999745 0.99895684
 0.99912731 0.90208623 0.99888136 0.99999278 0.60049067 0.73031851
 0.99979844 0.99999203 0.9857082 ],[3, 39.74834969348011, 20.93426508790846, 39.74973561825709, 20.790487590712964, 39.664980640142154, 20.839213835233203, 3, 3, 3, 1, 3, 3, 3, 3, 3, 3, 3, 3, 2, 3, 3, 3, 3, 3, 3, 3, 3, 3, 3, 3, 3, 3, 3, 3, 3, 3, 3, 3, 3, 3, 3, 3, 3, 3, 3, 3, 3, 3, 3, 3, 3, 2, 3, 3, 3, 3]
4,[0.58469081 0.         0.56970059 0.44854241 0.39751985 0.5628806
 0.88582761 0.62669432 0.84616278 0.99351448 0.83544808 0.90895408
 0.95683533 0.91084549 0.97953942 0.99299105 0.69868    0.96425689
 0.96759688 0.97977559 0.97566076 0.4379214  0.97319952 0.85197504
 0.68512935 0.97279249 0.96773573 0.45565045 0.92804207 0.88809774
 0.99732746 0.87837321 0.89951811 0.97390845 1.         0.57582958
 0.91870435 0.76237353 0.88542746 0.99552301 0.98125212 0.94074091
 0.72229781 0.99428295 0.9387676  0.94410583 0.5655298  1.
 0.84929121 0.22435346 0.99141576 0.4449168  0.98062004 0.97321131
 0.94814678 0.99723808 0.87091286],[2, 39.6003201, 20.8620578686741, 39.667765628410294, 20.833045861729673, nan, nan, 2, 2, 2, 2, 2, 2, 2, 2, 2, 2, 2, 2, 2, 2, 1, 2, 2, 2, 2, 2, 1, 2, 2, 2, 2, 2, 2, 2, 2, 2, 2, 2, 2, 2, 2, 2, 2, 2, 2, 2, 2, 2, 1, 2, 1, 2, 2, 2, 2, 2]
5,[0.9991923  0.95778985 0.30939481 0.00824534 0.58109095 0.41671117
 0.39587014 0.65197966 0.60792718 0.92404402 0.9892749  0.9954497
 0.97353547 0.92283663 0.14558823 1.         0.96352369 0.9669426
 0.98233076 0.97639058 0.75208062 0.98077572 0.80417975 0.89141921
 0.70623831 0.68961302 0.8775065  0.99652611 0.84707996 0.72699649
 0.96036574 0.99532543 0.93265815 0.98509797 0.98795278 0.65661374
 0.99724343 0.99528495 0.85913724 0.98826522 1.         0.82594599
 0.93428651 0.43854136 0.81710639 1.         0.84475402 0.94484348
 0.8464813  0.96701395 0.99453289 0.884776   0.92183944 0.99481738
 0.98925532 0.99979427 0.7214011 ],[3, 39.7443391287585, 20.81819702133628, 39.6015599184329, 20.863977114581736, 39.6629792911237, 20.832767888751835, 2, 2, 3, 3, 3, 3, 3, 1, 3, 3, 3, 3, 3, 3, 3, 3, 3, 3, 3, 3, 3, 3, 3, 3, 3, 3, 3, 3, 2, 3, 3, 3, 3, 3, 3, 3, 2, 3, 3, 3, 3, 3, 3, 3, 3, 3, 3, 3, 3, 3]
6,[0.59751472 0.87110343 1.         0.43898331 0.42213906 0.99270241
 0.9996303  0.93438895 0.99883343 0.99975626 0.49445127 0.99965239
 0.99612506 0.9389642  0.53165633 1.         0.97275248 0.99987193
 0.98867407 0.9993795  0.98968209 0.99944042 0.98893583 0.98649412
 0.98100828 0.99918231 0.99368991 0.99297663 1.         0.95657827
 0.98555348 0.876636   0.94586341 0.92550898 0.98956419 0.99864644
 0.99832519 0.99308057 0.99325772 1.         0.99796009 0.87202321
 0.94875069 0.97529762 0.99940316 0.8397604  0.90134913 0.99291619
 0.98533286 0.99936245 0.93490457 0.97304092 0.7835962  0.99634982
 0.99979715 0.94115487 0.99351079],[2, 39.73130443810322, 20.9345622, 39.66632826377814, 20.837194134803482, nan, nan, 2, 2, 2, 1, 2, 2, 2, 2, 2, 2, 2, 2, 2, 2, 2, 2, 2, 2, 2, 2, 2, 2, 2, 2, 2, 2, 2, 2, 2, 2, 2, 2, 2, 2, 2, 2, 2, 2, 2, 2, 2, 2, 2, 2, 2, 2, 2, 2, 2, 2]
7,[0.47837904 0.08171743 0.61616584 0.42609409 0.42106842 0.68221118
 0.69757877 0.99166061 0.94842382 0.97761669 0.99806005 0.96281279
 0.939024   0.98219937 0.84379664 0.99903288 0.75484873 1.
 0.99900676 0.98936698 0.99237353 0.96275426 0.93089575 0.82316069
 0.98215895 0.9976352  0.95384039 0.44230611 0.96949515 0.95626135
 0.9986198  0.85364336 0.99219894 0.89140907 0.99512771 0.89861232
 0.99984864 0.99979898 0.62466855 0.94992631 0.8735329  0.86916343
 0.99573175 0.993864   0.99790601 0.99975176 0.99787911 0.99971517
 0.9990948  0.2679452  0.797815   0.99815526 0.97059684 0.97750963
 0.99524822 0.76154669 0.98650579],[2, 39.612607622687484, 20.869887141195715, 39.66439016462565, 20.837013734241932, nan, nan, 2, 2, 2, 2, 2, 2, 2, 2, 2, 2, 2, 2, 2, 2, 2, 2, 2, 2, 2, 2, 1, 2, 2, 2, 2, 2, 2, 2, 2, 2, 2, 2, 2, 2, 2, 2, 2, 2, 2, 2, 2, 2, 1, 2, 2, 2, 2, 2, 2, 2]
8,[0.57380947 0.72383537 0.39344161 0.42490835 0.44270217 0.8218869
 0.27508382 0.98132616 0.98309632 0.99704143 0.47708495 0.93371442
 0.18056956 0.95134063 0.26810101 0.68153432 0.9836145  0.98882351
 0.7691439  0.28836883 0.99990906 0.82863394 0.88878366 0.85547844
 0.97125376 0.99123935 0.98559902 0.99678804 0.99792719 0.79931585
 0.89194248 0.8007944  0.89042721 0.99634593 0.82211005 0.98213617
 0.98599937 0.99999101 0.92349224 0.97934651 0.96254479 0.0046029
 0.96413536 0.99869617 0.99933962 0.99968521 0.99933392 0.96311167
 0.92566332 0.6584159  0.96188681 0.99689045 0.96983303 0.96220836
 0.96955333 0.30139456 0.77732662],[2, 39.70916032961914, 20.832358688794734, 39.66421186867468, 20.840658963877853, nan, nan, 2, 2, 2, 1, 2, 1, 2, 1, 2, 2, 2, 2, 1, 2, 2, 2, 2, 2, 2, 2, 2, 2, 2, 2, 2, 2, 2, 2, 2, 2, 2, 2, 2, 2, 1, 2, 2, 2, 2, 2, 2, 2, 2, 2, 2, 2, 2, 2, 1, 2]
9,[0.5626253  0.30497815 0.46291361 0.44042663 0.41832458 0.96158804
 0.41471729 1.         0.35211027 0.76784198 0.89260944 0.78334818
 0.60603084 0.         0.8000616  0.96520056 0.94369643 0.74907221
 0.93536156 0.97749787 0.8567377  0.97078427 0.99131225 0.9641346
 0.9028898  0.9656229  0.43541671 0.59179075 0.96873963 0.99294709
 0.99657785 0.96739601 1.         0.59529137 0.98087502 0.4263652
 0.83532387 0.72386048 0.97614504 0.83096102 0.90424808 0.81135755
 0.85156747 0.46565257 0.92021546 0.66691831 0.98594208 0.6289982
 0.58129678 0.91717992 0.25803977 0.44838641 0.88111091 0.52876579
 0.44330555 0.98683002 0.72563521],[2, 39.646178445147164, 20.844064539396324, 39.66654529120666, 20.83655140357841, nan, nan, 2, 1, 2, 2, 2, 2, 1, 2, 2, 2, 2, 2, 2, 2, 2, 2, 2, 2, 2, 1, 2, 2, 2, 2, 2, 2, 2, 2, 1, 2, 2, 2, 2, 2, 2, 2, 1, 2, 2, 2, 2, 2, 2, 1, 1, 2, 2, 1, 2, 2]
10,[0.49005575 1.         0.15103104 0.44400056 0.45136865 0.52461238
 0.98183923 0.99958833 0.99840699 0.99824669 0.99992742 0.99968753
 0.95156157 0.99758036 0.99972116 0.91870473 1.         0.98739028
 0.98619171 0.99628704 0.97953968 0.99950223 0.79422921 0.99985528
 1.         0.99394316 0.9996146  0.9987726  0.99975936 0.98016644
 0.98940653 0.98967585 0.97952042 0.99922673 0.99412206 0.98180333
 0.98780772 0.94605759 0.86481208 0.99835376 0.99876436 0.985606
 0.99284683 1.         0.99999917 1.         0.99720789 0.98243158
 0.99537193 1.         0.74479729 0.95815495 0.39795425 0.97069366
 0.99968246 1.         0.99899236],[2, 39.7506861, 20.791513138361346, 39.66708268810836, 20.842119243724596, nan, nan, 2, 2, 2, 2, 2, 2, 2, 2, 2, 2, 2, 2, 2, 2, 2, 2, 2, 2, 2, 2, 2, 2, 2, 2, 2, 2, 2, 2, 2, 2, 2, 2, 2, 2, 2, 2, 2, 2, 2, 2, 2, 2, 2, 2, 2, 1, 2, 2, 2, 2]
11,[0.46549408 0.89631626 0.12502642 0.45007499 0.48884053 0.47724872
 0.96711075 0.76560393 0.94408933 0.62110476 0.63748006 0.99230676
 0.69866241 0.88672616 0.97943551 0.96182723 0.89281356 0.97506207
 0.62513788 0.43398812 0.78348399 0.98351835 0.79698942 0.96745083
 0.76882496 0.92271775 0.92531228 0.99856319 0.95584983 0.92468074
 0.84516638 0.81264903 0.         0.99628642 0.9983284  0.95096203
 0.96983802 0.8508997  0.98168507 0.61598205 0.99031529 0.85133969
 1.         0.91506354 0.78469819 0.98504856 0.94434391 1.
 0.96365482 0.7905804  0.898997   0.97230786 0.26005947 0.72920905
 0.89883095 0.99214906 0.99202123],[2, 39.735095590582375, 20.78713142609858, 39.66799607664606, 20.848433158320443, nan, nan, 2, 2, 2, 2, 2, 2, 2, 2, 2, 2, 2, 2, 1, 2, 2, 2, 2, 2, 2, 2, 2, 2, 2, 2, 2, 1, 2, 2, 2, 2, 2, 2, 2, 2, 2, 2, 2, 2, 2, 2, 2, 2, 2, 2, 2, 1, 2, 2, 2, 2]
12,[0.60579166 0.86397324 0.99671801 0.47195896 0.40151813 0.
 0.02095595 0.55726825 0.50877346 0.94783357 0.30517585 0.96041559
 0.99934113 0.96192062 0.94935252 0.99838389 1.         0.96573763
 0.83275073 0.99444488 0.63396079 0.97581983 0.91982583 0.54218532
 0.8855095  0.98941836 0.53202083 0.93684801 0.9502699  0.65396669
 0.9563936  0.66401044 0.7663406  0.76411949 0.99981321 0.99678085
 0.97220167 0.963014   0.8474657  0.97091986 0.89819597 0.89026401
 0.99964607 0.82811582 1.         0.97798331 0.78128325 0.88376675
 0.98975821 0.87367893 0.55429795 0.86655808 0.99546619 0.95623147
 0.77936326 0.99560759 0.94112936],[2, 39.730232300403316, 20.934009193888876, 39.67128668113168, 20.83371956178617, nan, nan, 2, 2, 2, 1, 2, 2, 2, 2, 2, 2, 2, 2, 2, 2, 2, 2, 2, 2, 2, 2, 2, 2, 2, 2, 2, 2, 2, 2, 2, 2, 2, 2, 2, 2, 2, 2, 2, 2, 2, 2, 2, 2, 2, 2, 2, 2, 2, 2, 2, 2]
13,[0.48501989 0.84054565 0.01535649 0.43235942 0.40130582 1.
 0.72069762 0.99828252 0.81378171 0.68521749 0.99947543 0.97348025
 0.97823222 0.97557941 1.         0.92984213 0.75050335 0.99761229
 0.99467418 0.4569402  0.98399837 0.98918216 0.96946747 0.99552998
 0.88833148 0.90469645 0.99397106 0.62421057 1.         0.89381063
 0.98631516 0.96760752 0.69900762 0.99345692 0.99949553 0.99978213
 0.90544752 0.9557917  0.92903217 0.99780065 0.9143367  0.85881751
 0.99909793 0.72312551 0.97432913 1.         0.99125741 0.98908848
 0.98892174 0.99367027 0.98566207 0.95252636 0.33909279 0.91137906
 0.99281478 0.96896209 0.99984111],[2, 39.72670958669301, 20.768652328029383, 39.665332256499205, 20.833683787581833, nan, nan, 2, 2, 2, 2, 2, 2, 2, 2, 2, 2, 2, 2, 1, 2, 2, 2, 2, 2, 2, 2, 2, 2, 2, 2, 2, 2, 2, 2, 2, 2, 2, 2, 2, 2, 2, 2, 2, 2, 2, 2, 2, 2, 2, 2, 2, 1, 2, 2, 2, 2]
14,[0.38941186 0.82138404 0.24477873 0.4279564  0.44973842 0.96647927
 0.8106506  0.99184023 0.60733694 0.97987318 0.99902057 0.8012689
 0.99451293 0.94262784 0.99564191 0.97214167 0.91139159 0.91193675
 0.99997692 0.         0.99717335 0.81770665 0.63887191 0.9517685
 0.94277807 0.99878255 0.99058032 0.92308164 0.9966487  0.96965814
 0.99670243 0.92787774 0.81275367 0.99393103 0.78360887 0.99446799
 0.99909572 0.98093047 0.12972982 0.9943539  0.95482738 0.64157455
 0.41845807 0.98875652 0.96241872 0.98895774 0.97887702 0.99671344
 0.96846953 0.92106715 0.93419238 0.93711715 0.         0.99306571
 0.76089508 0.97140193 0.98398549],[2, 39.723828331826255, 20.807309378862957, 39.6646701919599, 20.84184455416334, nan, nan, 2, 2, 2, 2, 2, 2, 2, 2, 2, 2, 2, 2, 1, 2, 2, 2, 2, 2, 2, 2, 2, 2, 2, 2, 2, 2, 2, 2, 2, 2, 2, 1, 2, 2, 2, 1, 2, 2, 2, 2, 2, 2, 2, 2, 2, 1, 2, 2, 2, 2]
15,[0.99972777 0.77522119 0.11667668 0.89408302 0.89078397 0.41356448
 0.43559041 0.92709772 0.93949186 0.82124517 0.52076149 0.99035428
 0.97083043 0.92149921 0.98444291 0.99720698 0.99830746 0.99276699
 0.82794187 0.32439387 0.9694003  0.90478197 0.95641628 0.99982258
 0.98882099 0.99865538 0.99992319 0.99963703 0.99137119 0.99778398
 0.97249978 0.99072713 0.94567827 0.79494147 0.96742394 0.86712904
 0.99442469 0.97205043 0.94705964 0.98410433 0.9882842  0.88002562
 0.91046176 0.98797749 0.90879264 0.92507509 0.95586122 0.93581668
 0.9836661  0.99914849 0.9528051  0.99546074 0.94778434 0.99712779
 0.91034922 0.9691111  0.91222805],[3, 39.71688700938773, 20.785724517534998, 39.734759786861225, 20.91615958294667, 39.662506137143296, 20.839460652246142, 3, 3, 3, 2, 3, 3, 3, 3, 3, 3, 3, 3, 1, 3, 3, 3, 3, 3, 3, 3, 3, 3, 3, 3, 3, 3, 3, 3, 3, 3, 3, 3, 3, 3, 3, 3, 3, 3, 3, 3, 3, 3, 3, 3, 3, 3, 3, 3, 3, 3]
16,[0.42628253 0.93523844 0.85068618 0.4487739  0.43659402 0.99938752
 0.9991426  0.99545644 0.99888616 0.91921525 0.29855045 0.98595414
 0.94626707 0.98149873 0.69062901 0.96977046 0.75485133 0.99998356
 0.99655797 0.61439921 0.99855476 0.71657082 0.98085684 0.88618751
 0.7263949  1.         0.99970451 0.97293046 0.84315246 0.99961453
 0.99541803 1.         0.96995579 0.99647637 0.98201126 0.99393727
 0.98144267 0.999731   0.99989833 0.99748667 0.99021553 0.99071827
 0.96093634 0.99738047 0.97701179 0.99975422 0.9618762  0.88589284
 0.99275557 0.99845899 0.88922471 0.99528504 0.97763238 0.88647887
 0.99627085 0.99997971 0.96005793],[2, 39.74094816387782, 20.909403210367408, 39.66780043691556, 20.839629757045046, nan, nan, 2, 2, 2, 1, 2, 2, 2, 2, 2, 2, 2, 2, 2, 2, 2, 2, 2, 2, 2, 2, 2, 2, 2, 2, 2, 2, 2, 2, 2, 2, 2, 2, 2, 2, 2, 2, 2, 2, 2, 2, 2, 2, 2, 2, 2, 2, 2, 2, 2, 2]
17,[0.95686138 0.05970514 0.62153093 0.59832899 0.26096946 0.41881173
 0.37956497 0.96372205 0.         0.90507886 0.98480781 0.93023074
 0.96177321 0.69114543 0.59020744 0.98698388 0.75947876 0.82343217
 0.99393051 0.9455126  0.9802687  0.75961082 0.97711418 0.90782031
 0.96085957 0.95515236 1.         0.30935683 0.26120322 0.92846522
 0.53102329 0.78859393 0.51574093 0.8772509  0.901023   0.89885042
 0.99119927 0.92417078 0.96580305 0.92764179 0.69715877 0.65526936
 0.88962478 0.96952366 0.         0.72308994 0.94050699 0.94792516
 0.97110249 0.         0.99039381 0.83423726 0.84773791 0.94816587
 0.95532725 0.65765057 0.86132272],[3, 39.60929772382116, 20.87079114641946, 39.69028843739721, 20.810037475131818, 39.66329514497816, 20.8300205111139, 3, 1, 3, 3, 3, 3, 3, 2, 3, 3, 3, 3, 3, 3, 3, 3, 3, 3, 3, 3, 1, 1, 3, 2, 3, 2, 3, 3, 3, 3, 3, 3, 3, 3, 2, 3, 3, 1, 3, 3, 3, 3, 1, 3, 3, 3, 3, 3, 2, 3]
18,[0.52066583 0.99387621 0.99859743 0.44004815 0.42939136 0.99997222
 0.99995251 0.99055658 0.99835344 0.99798057 0.44818256 0.99978313
 0.99680269 0.99996351 0.99999677 0.98179691 0.99948292 0.98626009
 0.99419092 0.96468052 0.99999092 0.99532771 0.97176611 0.99997522
 0.99914153 0.9999545  0.97451629 0.98874482 0.99898671 0.99867355
 0.99997299 0.80358052 0.99902019 0.98458437 0.97586002 0.99999995
 0.99289304 0.97823906 0.99999978 0.9995633  0.99830274 0.99813222
 0.97134441 0.8323538  0.98039044 0.92202216 0.9999971  0.98116596
 0.99969449 0.98945358 0.99982276 0.99997701 0.99561293 0.99931196
 0.82953114 0.99995269 0.99999595],[2, 39.74976528983642, 20.934325870667678, 39.66648838026097, 20.838416128388033, nan, nan, 2, 2, 2, 1, 2, 2, 2, 2, 2, 2, 2, 2, 2, 2, 2, 2, 2, 2, 2, 2, 2, 2, 2, 2, 2, 2, 2, 2, 2, 2, 2, 2, 2, 2, 2, 2, 2, 2, 2, 2, 2, 2, 2, 2, 2, 2, 2, 2, 2, 2]
19,[0.61441542 0.         0.52903772 0.47870051 0.31594879 0.97805699
 0.74197125 0.81369128 0.21710182 0.96827374 0.50035311 0.92679488
 0.98637067 0.00517216 0.6833795  0.99833699 0.64113082 0.93598974
 0.76316565 0.5659657  0.96901511 0.77067539 0.71771088 0.98497724
 0.94820051 0.75783256 0.         1.         0.18548267 0.84262841
 0.99233102 0.9294165  0.99764096 0.7987069  0.95688459 0.
 0.63392432 0.96207532 0.93838649 0.94033988 0.82239856 0.90871608
 0.98155358 0.         0.28601076 0.77723917 0.75998567 0.86043849
 0.39771109 0.93162877 0.51871316 0.38751575 0.78434264 0.91834378
 0.98301231 0.90485491 0.89229945],[2, 39.6003201, 20.8552062807151, 39.672300381125545, 20.81930134990774, nan, nan, 2, 1, 2, 2, 2, 2, 1, 2, 2, 2, 2, 2, 2, 2, 2, 2, 2, 2, 2, 1, 2, 1, 2, 2, 2, 2, 2, 2, 1, 2, 2, 2, 2, 2, 2, 2, 1, 1, 2, 2, 2, 1, 2, 2, 1, 2, 2, 2, 2, 2]
20,[0.91739764 0.98675599 0.9334429  0.72288876 0.13249034 0.41606714
 0.42434101 0.94688634 0.81146629 0.91797546 0.31575474 0.94997008
 0.74433909 0.94975046 0.55558764 0.98638939 0.99155082 0.98839036
 0.98672822 0.97832731 0.99855016 0.98526427 0.9625827  0.982956
 0.99640704 0.9734335  0.95042563 0.99667079 0.9391988  0.98116211
 0.85802717 0.89356339 0.39626554 0.84105799 0.87774185 0.93473786
 1.         1.         0.88200176 0.95870336 0.99973576 0.94493823
 0.99688997 0.92870198 0.97654381 0.98824992 0.98424145 0.99532707
 0.90445129 0.9819783  0.982424   0.92370831 0.99482273 0.98838189
 0.99033476 0.95710314 0.94373468],[3, 39.74869465051856, 20.92334750090197, 39.7090179917433, 20.788389077556317, 39.662882452096945, 20.837565156191722, 3, 3, 3, 1, 3, 3, 3, 2, 3, 3, 3, 3, 3, 3, 3, 3, 3, 3, 3, 3, 3, 3, 3, 3, 3, 2, 3, 3, 3, 3, 3, 3, 3, 3, 3, 3, 3, 3, 3, 3, 3, 3, 3, 3, 3, 3, 3, 3, 3, 3]
21,[0.46208516 0.59024564 0.28074834 0.43630689 0.43407779 0.896842
 0.33475872 0.89598604 0.90363175 0.85505175 0.66437574 0.92430903
 0.58964675 0.98051138 0.60517456 0.9915846  0.95202379 0.46674785
 0.95610753 0.23166657 0.99969813 0.99006466 0.85530108 0.84744896
 0.9987749  0.43623683 0.61864975 1.         0.98680605 0.95866311
 0.77950719 0.97759823 0.47766606 0.99647347 0.92651977 0.98416605
 0.81945833 0.48594819 0.99309968 0.67010342 0.88756633 0.15772222
 0.98387628 0.96028562 0.75509336 0.94103708 0.85047444 0.85661723
 0.9652101  1.         0.96668306 0.87424122 0.98170397 0.97446474
 0.97329765 1.         0.82444574],[2, 39.68907297614854, 20.81337016467982, 39.66592582121834, 20.83920577966834, nan, nan, 2, 2, 2, 2, 2, 2, 2, 2, 2, 2, 1, 2, 1, 2, 2, 2, 2, 2, 1, 2, 2, 2, 2, 2, 2, 1, 2, 2, 2, 2, 1, 2, 2, 2, 1, 2, 2, 2, 2, 2, 2, 2, 2, 2, 2, 2, 2, 2, 2, 2]
22,[0.38396615 0.77944177 0.1049671  0.4433152  0.46358486 0.91941297
 0.81533872 0.99043502 0.9977596  0.80190735 0.95857461 0.92373096
 0.91229095 0.99542215 0.99131223 0.76286102 0.93765194 0.96901972
 0.99307077 0.98421413 0.99374971 0.99529852 1.         0.89089333
 0.55668487 0.24499904 0.97840686 0.87361127 0.91092892 0.90303408
 0.99982883 0.88355274 0.74705069 0.94410172 0.93714182 0.88561398
 0.91636445 0.9911249  0.76398077 0.99886807 0.99658419 0.98469385
 0.43530879 0.98768903 0.90030693 0.92280072 0.96330795 1.
 0.98331057 0.96044054 0.95463377 0.87921034 0.39836992 0.96938696
 0.89613387 0.89078387 0.87719834],[2, 39.717521640463325, 20.783751482981074, 39.66697963327843, 20.844177642944345, nan, nan, 2, 2, 2, 2, 2, 2, 2, 2, 2, 2, 2, 2, 2, 2, 2, 2, 2, 2, 1, 2, 2, 2, 2, 2, 2, 2, 2, 2, 2, 2, 2, 2, 2, 2, 2, 1, 2, 2, 2, 2, 2, 2, 2, 2, 2, 1, 2, 2, 2, 2]
23,[0.59668318 0.13672854 0.64201677 0.44728514 0.41917823 0.81209094
 0.83749765 0.94948369 0.9791204  0.97876351 0.99783418 0.99517958
 0.99020034 0.9826887  0.9881226  0.95615532 0.97767667 0.92991759
 0.9728482  0.98016962 0.94652692 0.99962288 0.95378116 1.
 0.96785917 0.99997705 0.63247628 0.63654576 0.99301084 0.96131067
 0.94603313 0.6083845  0.97906429 0.39853146 0.99669313 0.8900711
 0.98891856 0.95100201 0.99694845 0.88884975 0.74111672 0.98860296
 0.93460641 0.99586859 0.98395412 0.951567   0.99781618 0.71755925
 0.26839404 0.1709029  0.99885074 0.94486642 0.9455972  0.52080439
 0.9976408  0.99729864 0.78243731],[2, 39.620879423714946, 20.874242957268756, 39.6675765770195, 20.836695241947154, nan, nan, 2, 2, 2, 2, 2, 2, 2, 2, 2, 2, 2, 2, 2, 2, 2, 2, 2, 2, 2, 2, 2, 2, 2, 2, 2, 2, 1, 2, 2, 2, 2, 2, 2, 2, 2, 2, 2, 2, 2, 2, 2, 1, 1, 2, 2, 2, 2, 2, 2, 2]
24,[0.49053876 0.88635774 0.99999693 0.44261975 0.42930214 0.99581225
 0.99972604 0.98958672 0.99997271 1.         0.04497902 0.99996199
 0.99994651 0.9999753  0.5605132  0.88699884 1.         0.99672572
 0.99579507 0.99998474 0.99999982 0.99996997 0.99984679 0.99998983
 0.99983508 0.99999115 0.99992548 1.         1.         0.99999825
 0.99996535 0.99996995 0.99978028 0.999873   0.99999771 0.99998105
 0.99999881 0.99999644 0.99901792 0.99997434 0.99955203 1.
 0.99999949 1.         1.         0.99997544 0.9999995  0.99988766
 0.99999981 0.99315934 0.9999048  0.99989709 0.99999996 0.99999847
 0.99999826 0.92691805 0.99963157],[2, 39.73359816750854, 20.93456168301432, 39.666875061437764, 20.838401094509532, nan, nan, 2, 2, 2, 1, 2, 2, 2, 2, 2, 2, 2, 2, 2, 2, 2, 2, 2, 2, 2, 2, 2, 2, 2, 2, 2, 2, 2, 2, 2, 2, 2, 2, 2, 2, 2, 2, 2, 2, 2, 2, 2, 2, 2, 2, 2, 2, 2, 2, 2, 2]
25,[0.59995903 0.96300037 0.13357482 0.42746932 0.43280668 0.53390019
 0.4227246  0.99845147 0.99980895 0.99352648 0.96902562 0.98538274
 0.92595302 0.99952757 0.99609634 0.9281887  0.7985834  0.88978077
 0.98024502 0.         0.98614981 0.68202862 0.66109788 0.99859284
 0.99999866 0.93082086 0.98623556 0.9379662  0.93265912 0.9700462
 0.9837043  0.97486022 0.8861529  0.92551571 0.98971959 0.99874617
 0.95406096 0.99953482 0.99603524 0.90511037 0.99787353 0.99810195
 0.99622385 1.         0.99979055 0.95953166 0.99985158 0.99988264
 0.97602962 0.95992758 0.95742804 0.81550497 0.98790126 0.71847919
 0.99584705 0.92591544 0.99479667],[2, 39.74512261350515, 20.788571809843436, 39.6645969516946, 20.838991599498698, nan, nan, 2, 2, 2, 2, 2, 2, 2, 2, 2, 2, 2, 2, 1, 2, 2, 2, 2, 2, 2, 2, 2, 2, 2, 2, 2, 2, 2, 2, 2, 2, 2, 2, 2, 2, 2, 2, 2, 2, 2, 2, 2, 2, 2, 2, 2, 2, 2, 2, 2, 2]
