1,[0.46598415 0.4047937  0.50767838 0.43715487 0.33693109 0.38797357
 0.55428562 0.51495262 0.61716241 0.44399827 0.3682252  0.36396343
 0.51628702 0.3385666  0.74039617 0.46038163 0.58801345 0.65548365
 0.50000856 0.60860007 0.41452131 0.39244243 0.51207688 0.51260177
 0.61075182 0.3460702  0.44312012 0.48350816 0.37751818 0.48515526
 0.44642897 0.40172146 0.49117753 0.4204767  0.47283577 0.38622708
 0.4961068  0.48675225 0.5172272  0.54260237 0.72520147 0.46368895
 0.62974958 0.47969984 0.51342484 0.46161641 0.5521503  0.40644452
 0.49440857 0.4852354  0.71794568 0.55945156 0.5786005  0.44377706
 0.50548817 0.53466848 0.44738164],[2, 39.6611873093669, 20.85160728786404, 39.66605332933922, 20.822836812161956, nan, nan, 2, 2, 1, 1, 1, 2, 1, 2, 1, 2, 2, 2, 2, 1, 1, 2, 2, 2, 1, 1, 1, 1, 1, 1, 1, 1, 1, 1, 1, 1, 1, 2, 2, 2, 1, 2, 1, 2, 1, 2, 1, 1, 1, 2, 2, 2, 1, 2, 2, 1]
2,[0.60064546 0.33056516 0.34017148 0.4787626  0.45042283 0.47166751
 0.57100896 0.48382964 0.45770502 0.47007254 0.54799896 0.47449949
 0.54052567 0.60203309 0.55835789 0.60198839 0.45754    0.53853294
 0.53775498 0.49749145 0.55820969 0.52499268 0.50839288 0.460844
 0.54378392 0.49612935 0.48984465 0.4530271  0.42645005 0.5374877
 0.5628038  0.51044691 0.33074595 0.50735113 0.45723315 0.50266628
 0.48103853 0.55580392 0.52063718 0.44771809 0.54183787 0.59379372
 0.58584629 0.49086272 0.40289591 0.55558406 0.48347191 0.5856877
 0.5084581  0.55653104 0.47943875 0.54699124 0.51496345 0.54671273
 0.5489535  0.4594403  0.54190447],[2, 39.65002586063831, 20.823382809771314, 39.672309716993716, 20.84195987530726, nan, nan, 1, 1, 1, 2, 1, 2, 2, 2, 2, 1, 2, 2, 1, 2, 2, 2, 1, 2, 1, 1, 1, 1, 2, 2, 2, 1, 2, 1, 2, 1, 2, 2, 1, 2, 2, 2, 1, 1, 2, 1, 2, 2, 2, 1, 2, 2, 2, 2, 1, 2]
3,[0.46862225 0.52323968 0.38231688 0.36649781 0.49544584 0.57569084
 0.55387604 0.52344909 0.52929579 0.53412885 0.48806336 0.52191379
 0.37717122 0.6555699  0.410272   0.50521184 0.52589244 0.42571336
 0.41267664 0.44347694 0.52285908 0.52456053 0.57574651 0.42627616
 0.59524306 0.46922982 0.54516202 0.62398442 0.49253881 0.63390427
 0.51191584 0.56894692 0.40632681 0.41996719 0.61374486 0.4956995
 0.47489662 0.36989741 0.48586839 0.37722007 0.4577001  0.4861642
 0.47004517 0.54157712 0.58179452 0.52916409 0.59714819 0.4786882
 0.64426914 0.50763628 0.45450364 0.50171945 0.42671717 0.37037292
 0.51369318 0.39678019 0.48734221],[2, 39.678997558223735, 20.830484201077414, 39.655428909021246, 20.849546136048367, nan, nan, 2, 2, 2, 1, 2, 1, 2, 1, 2, 2, 1, 1, 1, 2, 2, 2, 1, 2, 1, 2, 2, 1, 2, 2, 2, 1, 1, 2, 1, 1, 1, 1, 1, 1, 1, 1, 2, 2, 2, 2, 1, 2, 2, 1, 2, 1, 1, 2, 1, 1]
4,[0.56305268 0.34655603 0.45946583 0.57970148 0.36192876 0.5608943
 0.50162818 0.46477179 0.48889562 0.5040933  0.52273543 0.50236707
 0.54943003 0.45978184 0.52489512 0.49975956 0.4513495  0.61880397
 0.47548499 0.68300396 0.52771822 0.41253963 0.56849964 0.58123824
 0.55401064 0.5090549  0.44343714 0.4704024  0.49035127 0.60481513
 0.50703074 0.41607343 0.52746315 0.50918393 0.41469509 0.43357956
 0.42187044 0.50578852 0.43907932 0.52308436 0.4977206  0.50533864
 0.56846355 0.4644447  0.37685132 0.49898847 0.38923609 0.57936819
 0.36382375 0.44513363 0.47245688 0.44576649 0.51509748 0.49435858
 0.4751842  0.50484495 0.5070248 ],[2, 39.65243034384316, 20.84348359800559, 39.68748749214081, 20.827048855820316, nan, nan, 1, 1, 2, 2, 2, 2, 1, 2, 1, 1, 2, 1, 2, 2, 1, 2, 2, 2, 2, 1, 1, 1, 2, 2, 1, 2, 2, 1, 1, 1, 2, 1, 2, 1, 2, 2, 1, 1, 1, 1, 2, 1, 1, 1, 1, 2, 1, 1, 2, 2]
5,[0.66956747 0.49681239 0.37930987 0.4311526  0.49044285 0.2919609
 0.36995967 0.33425351 0.48941364 0.70826776 0.32343724 0.5472192
 0.41694401 0.2565009  0.61007592 0.5022229  0.3798186  0.36846119
 0.39854118 0.4601472  0.28363387 0.61711599 0.49743555 0.58487831
 0.48823877 0.32416962 0.49380374 0.53126045 0.70136248 0.67182851
 0.52910507 0.51988014 0.29640059 0.76219661 0.66750477 0.48845043
 0.4163802  0.31319823 0.72380816 0.46328189 0.64102997 0.5798866
 0.47435627 0.53051553 0.53817925 0.61874263 0.42328471 0.30052378
 0.76689997 0.62858657 0.70352743 0.23862534 0.46042542 0.38762194
 0.60033678 0.46073287 0.31811132],[3, 39.67502379142814, 20.82997752771418, 39.66515079227642, 20.848703145655307, 39.644221092744054, 20.828402041658922, 2, 2, 3, 1, 2, 2, 1, 2, 2, 2, 2, 2, 2, 1, 2, 2, 2, 2, 1, 2, 2, 3, 3, 2, 2, 1, 3, 3, 2, 2, 1, 3, 2, 2, 2, 2, 2, 2, 2, 2, 1, 3, 2, 3, 1, 2, 2, 2, 2, 1]
6,[0.54936574 0.31564933 0.42649623 0.54062801 0.39486136 0.50103517
 0.4447945  0.4409871  0.28827248 0.41686307 0.53001122 0.50287515
 0.62797346 0.49515056 0.56518506 0.49065426 0.34180349 0.61611049
 0.56692654 0.5479338  0.34376848 0.41555624 0.59526855 0.50576497
 0.38889656 0.49616566 0.46230089 0.50084925 0.49573135 0.52640557
 0.51727505 0.50866232 0.59646161 0.60209096 0.47693104 0.40609437
 0.43509842 0.63058731 0.54798556 0.49883876 0.53070475 0.50763999
 0.69056563 0.47552641 0.37019048 0.54483987 0.58322771 0.61351336
 0.45981385 0.48160511 0.4976104  0.40755303 0.49426018 0.68297022
 0.63275333 0.54813031 0.55293268],[2, 39.64778302777073, 20.837928306109873, 39.681612170733544, 20.832597912674057, nan, nan, 1, 1, 1, 2, 2, 2, 1, 2, 1, 1, 2, 2, 2, 1, 1, 2, 2, 1, 1, 1, 2, 1, 2, 2, 2, 2, 2, 1, 1, 1, 2, 2, 1, 2, 2, 2, 1, 1, 2, 2, 2, 1, 1, 1, 1, 1, 2, 2, 2, 2]
7,[0.46410684 0.50068295 0.43948783 0.39845977 0.46355913 0.43635647
 0.53000106 0.49787533 0.51418227 0.52870223 0.48474853 0.63388055
 0.49365227 0.60474282 0.55599352 0.41153141 0.52421147 0.47736535
 0.44742601 0.44399821 0.49919975 0.51134664 0.33583351 0.52438488
 0.46652192 0.59861826 0.52835311 0.50517232 0.52771671 0.58854771
 0.55486913 0.47951058 0.39219    0.51045192 0.59754891 0.54237033
 0.58766876 0.45773211 0.49749724 0.49899671 0.48652169 0.48320546
 0.37082591 0.62391683 0.54743521 0.48057569 0.49430507 0.50203956
 0.52293872 0.56202366 0.54264974 0.43731196 0.71219869 0.43971135
 0.5330067  0.45132814 0.48072962],[2, 39.675605793017525, 20.840117356035897, 39.660234902176505, 20.844173308268743, nan, nan, 1, 2, 2, 1, 2, 1, 2, 2, 1, 2, 1, 1, 1, 1, 2, 1, 2, 1, 2, 2, 2, 2, 2, 2, 1, 1, 2, 2, 2, 2, 1, 1, 1, 1, 1, 1, 2, 2, 1, 1, 2, 2, 2, 2, 1, 2, 1, 2, 1, 1]
8,[0.55596278 0.61452602 0.28786009 0.34221705 0.44592147 0.47255794
 0.63252213 0.51005532 0.54228923 0.64333753 0.45393575 0.5101662
 0.37762222 0.61897556 0.44131999 0.42556406 0.49291832 0.38918621
 0.54459184 0.41256137 0.50085833 0.56054207 0.44453752 0.49564492
 0.55795813 0.36675375 0.5460438  0.54807818 0.50916683 0.46888818
 0.57709795 0.52622413 0.42750627 0.50750771 0.52639941 0.56300246
 0.59383034 0.49741836 0.46826168 0.51422138 0.3738995  0.47326701
 0.48006928 0.50716201 0.57887721 0.59504753 0.52412202 0.51889942
 0.5524661  0.55750839 0.51465318 0.5918071  0.46253385 0.52479276
 0.57968405 0.43254945 0.44840792],[2, 39.692723919102484, 20.814568476191603, 39.65177790843662, 20.841201408372065, nan, nan, 2, 2, 2, 1, 2, 1, 2, 1, 1, 1, 1, 2, 1, 2, 2, 1, 1, 2, 1, 2, 2, 2, 1, 2, 2, 1, 2, 2, 2, 2, 1, 1, 2, 1, 1, 1, 2, 2, 2, 2, 2, 2, 2, 2, 2, 1, 2, 2, 1, 1]
9,[0.57201222 0.40889383 0.50741159 0.49470247 0.31240781 0.54521208
 0.52361007 0.47941264 0.50811474 0.4785744  0.42301857 0.48917557
 0.54153874 0.48544998 0.53864017 0.59057695 0.58426219 0.46135638
 0.43502111 0.50493158 0.41446758 0.50351209 0.32920141 0.57661579
 0.24647015 0.59968287 0.46579686 0.33414939 0.54060985 0.40764724
 0.39943889 0.38009517 0.62073172 0.45944224 0.37267405 0.4416065
 0.62858475 0.38556454 0.56225632 0.66640464 0.53355585 0.5669684
 0.59407367 0.48690681 0.42542241 0.35093414 0.50286541 0.49452068
 0.49998001 0.41601858 0.47902534 0.46075987 0.52767173 0.57098194
 0.47198858 0.56467684 0.54843528],[2, 39.6618038291997, 20.85156233348838, 39.67470653203942, 20.818704703791187, nan, nan, 1, 2, 1, 1, 1, 2, 1, 2, 2, 2, 1, 1, 2, 1, 2, 1, 2, 1, 2, 1, 1, 2, 1, 1, 1, 2, 1, 1, 1, 2, 1, 2, 2, 2, 2, 2, 1, 1, 1, 2, 1, 1, 1, 1, 1, 2, 2, 1, 2, 2]
10,[0.53095011 0.46208971 0.46737532 0.35915532 0.32104078 0.42511876
 0.54887248 0.54368992 0.54487892 0.41046511 0.41098235 0.46474311
 0.46313583 0.50535119 0.47995618 0.56535145 0.55135203 0.44309658
 0.39564873 0.55827357 0.4690007  0.6187426  0.49333222 0.58166003
 0.5055225  0.4337128  0.52574008 0.60621811 0.59296595 0.48501285
 0.44838675 0.45828683 0.60271279 0.49895677 0.64070287 0.58540852
 0.58415943 0.49048858 0.37209929 0.51135796 0.40535389 0.42084185
 0.56476856 0.53742572 0.58665426 0.50090702 0.49533428 0.47778919
 0.51135802 0.42594429 0.49816781 0.48666548 0.38885535 0.48846137
 0.39358014 0.55349192 0.50769184],[2, 39.66980268118253, 20.84481632658807, 39.65432484939115, 20.820159336200657, nan, nan, 2, 2, 1, 1, 1, 1, 2, 1, 2, 2, 1, 1, 2, 1, 2, 1, 2, 2, 1, 2, 2, 2, 1, 1, 1, 2, 1, 2, 2, 2, 1, 1, 2, 1, 1, 2, 2, 2, 2, 1, 1, 2, 1, 1, 1, 1, 1, 1, 2, 2]
11,[0.45093551 0.30549931 0.41346968 0.51603572 0.41287645 0.45800473
 0.4618761  0.32936987 0.38889474 0.3126575  0.55775208 0.25462129
 0.45553863 0.49657954 0.55836021 0.56087966 0.48795122 0.48864437
 0.51809147 0.4920931  0.33828442 0.49180661 0.65361103 0.36039596
 0.56113469 0.51724272 0.39365984 0.33150773 0.47827528 0.58537827
 0.46183037 0.50985907 0.63579254 0.5925874  0.59384663 0.50407689
 0.63028778 0.49977407 0.5435135  0.47857098 0.55813646 0.35844581
 0.55770153 0.66095782 0.37228896 0.49633554 0.49932184 0.60375121
 0.35622007 0.38045403 0.50298823 0.41105055 0.56478165 0.53650515
 0.476641   0.49397317 0.54620794],[2, 39.646256809889756, 20.835733366689922, 39.67791432778909, 20.835633408058023, nan, nan, 1, 1, 1, 2, 1, 1, 1, 2, 2, 1, 1, 2, 1, 1, 1, 2, 1, 2, 2, 1, 1, 1, 2, 1, 2, 2, 2, 2, 2, 2, 1, 2, 1, 2, 1, 2, 2, 1, 1, 1, 2, 1, 1, 2, 1, 2, 2, 1, 1, 2]
12,[0.49031221 0.38644589 0.45423247 0.59690639 0.31844556 0.60504874
 0.5614175  0.42092823 0.38459553 0.48753107 0.50553049 0.40992702
 0.53472962 0.50745952 0.6020322  0.52460828 0.49678253 0.60098535
 0.43572708 0.52506659 0.47041424 0.52547434 0.48610816 0.45079661
 0.46425938 0.50317948 0.45778969 0.50100803 0.69225989 0.49154334
 0.48278362 0.50107189 0.56429992 0.49504659 0.46615925 0.41773342
 0.39462634 0.42867972 0.51840778 0.59336575 0.66154797 0.54099693
 0.57674391 0.4329346  0.35323029 0.50751274 0.69271228 0.49901249
 0.4795208  0.44724339 0.45267809 0.48519375 0.68029573 0.41099886
 0.5218934  0.54538429 0.54107484],[2, 39.65842842253789, 20.842601789384183, 39.69007452652085, 20.81972204830856, nan, nan, 1, 1, 1, 2, 1, 2, 2, 2, 2, 1, 2, 1, 2, 1, 2, 1, 1, 1, 2, 1, 2, 2, 1, 1, 2, 2, 1, 1, 1, 1, 1, 2, 2, 2, 2, 2, 1, 1, 2, 2, 1, 1, 1, 1, 1, 2, 1, 2, 2, 2]
13,[0.51007903 0.47505387 0.49192342 0.35358589 0.3478356  0.54360639
 0.43690143 0.56460452 0.45870743 0.4946924  0.4841629  0.49566647
 0.54475678 0.5177152  0.47429022 0.45376724 0.59282132 0.38205391
 0.57997964 0.50005619 0.46457469 0.62793902 0.46623254 0.58829126
 0.300949   0.5142627  0.54660487 0.52131917 0.62809292 0.47751331
 0.47800676 0.45015059 0.42037824 0.46660118 0.37180082 0.51539452
 0.73286768 0.46316332 0.34914312 0.55616117 0.50242087 0.55575429
 0.59593843 0.49816539 0.60761004 0.45029541 0.51454258 0.64920387
 0.55596415 0.50040803 0.52257532 0.53029585 0.56095541 0.56366324
 0.47792422 0.62247539 0.47937295],[2, 39.67175205030123, 20.848952616940004, 39.65348739564855, 20.8246741944852, nan, nan, 2, 1, 1, 1, 1, 2, 2, 1, 1, 2, 1, 2, 2, 1, 2, 1, 2, 1, 2, 2, 2, 2, 1, 1, 1, 1, 1, 1, 2, 2, 1, 1, 2, 2, 2, 2, 1, 2, 1, 2, 2, 2, 2, 2, 2, 2, 2, 1, 2, 1]
14,[0.48550216 0.36204579 0.43474099 0.59786712 0.35754138 0.54297545
 0.4714446  0.35221411 0.37840271 0.3882627  0.54824021 0.45669564
 0.53606684 0.40002254 0.51104711 0.56730944 0.38132499 0.52386918
 0.41136392 0.4957296  0.48850758 0.40726484 0.41958646 0.46777881
 0.54813166 0.4926031  0.33165627 0.48515703 0.39218926 0.49017267
 0.60367622 0.38664021 0.53186022 0.41287076 0.42797622 0.498543
 0.39092783 0.50464678 0.56373671 0.45102802 0.56611027 0.50255807
 0.54137931 0.51342365 0.5123213  0.36386715 0.58784353 0.36838537
 0.39808866 0.49039756 0.30645919 0.43577024 0.65126716 0.34949607
 0.33841537 0.49432717 0.64774994],[2, 39.6547594768738, 20.839317526824733, 39.69021898677038, 20.826309592988906, nan, nan, 1, 1, 1, 2, 1, 2, 1, 2, 2, 1, 2, 1, 1, 1, 1, 1, 1, 2, 1, 1, 1, 1, 1, 2, 1, 2, 1, 1, 1, 1, 2, 2, 1, 2, 2, 2, 2, 2, 1, 2, 1, 1, 1, 1, 1, 2, 1, 1, 1, 2]
15,[0.54152601 0.5719941  0.37410405 0.31201243 0.48376871 0.66089517
 0.51441122 0.49187834 0.56682968 0.51545466 0.46198914 0.54915086
 0.44880941 0.51341414 0.46085996 0.35494049 0.5201217  0.47192839
 0.46613865 0.43264072 0.54921307 0.59705093 0.52884869 0.54252944
 0.47864281 0.41694182 0.53219817 0.54470419 0.52478034 0.57758088
 0.5006973  0.53812922 0.42917479 0.41088857 0.55402212 0.51683875
 0.47781276 0.35342371 0.4912533  0.51726216 0.45736112 0.44146965
 0.42792912 0.58880026 0.58379786 0.55098384 0.5170342  0.3970425
 0.58264026 0.51089242 0.51472231 0.51874812 0.45976748 0.49326543
 0.47875764 0.48497875 0.38332946],[2, 39.68632856418307, 20.829100359722634, 39.647236161673405, 20.847578570496417, nan, nan, 1, 2, 2, 1, 2, 1, 2, 1, 1, 2, 1, 1, 1, 2, 2, 2, 2, 1, 1, 2, 2, 2, 2, 2, 2, 1, 1, 2, 2, 1, 1, 1, 2, 1, 1, 1, 2, 2, 2, 2, 1, 2, 2, 2, 2, 1, 1, 1, 1, 1]
16,[0.47077878 0.28215241 0.43874165 0.53151744 0.40670493 0.61468535
 0.4307533  0.29467836 0.41813835 0.48943666 0.57985564 0.49699006
 0.55571331 0.43398623 0.48949285 0.52503745 0.48650365 0.51608257
 0.56358183 0.47326911 0.49441274 0.48524396 0.62008012 0.44656591
 0.59390339 0.56482244 0.46041788 0.42068754 0.4664276  0.5717807
 0.50885397 0.58515915 0.66104207 0.59974578 0.35496079 0.42496487
 0.39001809 0.58983555 0.55053513 0.47634278 0.51176668 0.53495746
 0.56991022 0.4991228  0.44875844 0.50472514 0.49225165 0.60133025
 0.4131461  0.48371936 0.47673931 0.43883191 0.59885011 0.54462
 0.51955897 0.53163026 0.53440808],[2, 39.64274622995302, 20.839991626607006, 39.680242251601406, 20.834593523574206, nan, nan, 1, 1, 1, 2, 1, 2, 1, 1, 2, 1, 2, 2, 1, 1, 1, 2, 1, 2, 2, 1, 1, 1, 2, 2, 2, 2, 2, 1, 1, 1, 2, 2, 1, 2, 2, 2, 1, 1, 2, 1, 2, 1, 1, 1, 1, 2, 2, 2, 2, 2]
17,[0.60521933 0.31317706 0.46985833 0.55526928 0.34962895 0.51009448
 0.41154528 0.55672841 0.45971891 0.47160387 0.55748925 0.49151808
 0.55466143 0.45359195 0.69585321 0.55957194 0.53859598 0.48905076
 0.42312937 0.54383824 0.53889781 0.38283466 0.57229952 0.50137648
 0.47389195 0.52259534 0.53731891 0.36018797 0.47706211 0.56610925
 0.48344028 0.47906786 0.51661964 0.5657975  0.49231554 0.48601234
 0.49772343 0.48707228 0.55584088 0.45747034 0.50578333 0.61384095
 0.58210518 0.46550365 0.43287756 0.41573344 0.47884285 0.59441182
 0.3086284  0.48976613 0.46369172 0.46586035 0.54235937 0.50266907
 0.58455338 0.62771328 0.60814605],[2, 39.647411282051095, 20.84523470744791, 39.68381372126762, 20.824976368550736, nan, nan, 2, 1, 1, 2, 1, 2, 1, 2, 2, 2, 1, 1, 2, 2, 1, 2, 2, 1, 2, 2, 1, 1, 2, 1, 1, 2, 2, 1, 1, 1, 1, 2, 1, 2, 2, 2, 1, 1, 1, 1, 2, 1, 1, 1, 1, 2, 2, 2, 2, 2]
18,[0.49623222 0.38103472 0.49040059 0.54361873 0.3789929  0.50833562
 0.5674963  0.46920944 0.48471612 0.37613691 0.50797252 0.47697993
 0.66936887 0.47035655 0.51583348 0.44138905 0.54288146 0.58336207
 0.51053608 0.54237398 0.56524071 0.47743171 0.48561524 0.47805488
 0.47769017 0.62760331 0.4491416  0.39211551 0.45335884 0.41471298
 0.57938982 0.487301   0.53009476 0.44873668 0.44296842 0.44274865
 0.46786426 0.51742865 0.58462976 0.55979103 0.56723593 0.5067393
 0.49242992 0.50502898 0.50846042 0.37180038 0.41647784 0.40640317
 0.46781034 0.45607252 0.42248369 0.47814532 0.78771531 0.56069193
 0.3973491  0.50269935 0.52634858],[2, 39.657614766609385, 20.848696024402187, 39.68206187469018, 20.829924118248062, nan, nan, 1, 1, 1, 2, 1, 2, 1, 2, 1, 2, 2, 2, 2, 2, 1, 1, 1, 1, 2, 1, 1, 1, 1, 2, 1, 2, 1, 1, 1, 1, 2, 2, 2, 2, 2, 1, 2, 2, 1, 1, 1, 1, 1, 1, 1, 2, 2, 1, 2, 2]
19,[0.56100694 0.40621866 0.4741809  0.61261231 0.30511706 0.408957
 0.410481   0.49049517 0.56242747 0.4431747  0.43096095 0.480739
 0.51044585 0.39498208 0.5078069  0.5652549  0.38924363 0.5123221
 0.41265202 0.52721409 0.45246818 0.46126843 0.42289002 0.43675362
 0.46050898 0.56414294 0.42811288 0.45605622 0.47969451 0.42168629
 0.40803943 0.33750407 0.4920889  0.56209858 0.45550353 0.4538129
 0.4712585  0.64198222 0.61260366 0.58597377 0.62831918 0.48775165
 0.63006486 0.39429879 0.48408126 0.49315921 0.45711752 0.55039175
 0.39930911 0.45142678 0.46919738 0.4716593  0.52869233 0.59353436
 0.62270687 0.64792449 0.53943706],[2, 39.66140157537047, 20.845963048960563, 39.69243616257889, 20.817476230523653, nan, nan, 1, 2, 1, 1, 1, 2, 1, 2, 2, 1, 2, 1, 2, 1, 1, 1, 1, 1, 2, 1, 1, 1, 1, 1, 1, 1, 2, 1, 1, 1, 2, 2, 2, 2, 1, 2, 1, 1, 1, 1, 2, 1, 1, 1, 1, 2, 2, 2, 2, 2]
20,[0.53061723 0.55165695 0.42095571 0.38694713 0.40370939 0.4036877
 0.58339205 0.5145503  0.49014052 0.52332249 0.473761   0.55633889
 0.48822088 0.64362396 0.6817484  0.44760116 0.58529545 0.4524891
 0.47444353 0.47499005 0.44176931 0.53243488 0.42647551 0.53759337
 0.45948728 0.47841181 0.53261709 0.61899075 0.59751564 0.56893561
 0.49872727 0.5042456  0.48222588 0.6290518  0.53203802 0.72472032
 0.59856752 0.37932928 0.50640349 0.53716259 0.27918538 0.47200385
 0.4505214  0.53410387 0.4977598  0.48861888 0.52985634 0.4701012
 0.51721901 0.56954985 0.52818777 0.6245084  0.46582729 0.405995
 0.3993083  0.33964613 0.31993545],[2, 39.683270549071125, 20.836994742289054, 39.65850379239636, 20.834088782562052, nan, nan, 2, 1, 2, 1, 2, 1, 2, 2, 1, 2, 1, 1, 1, 1, 2, 1, 2, 1, 1, 2, 2, 2, 2, 1, 2, 1, 2, 2, 2, 2, 1, 2, 2, 1, 1, 1, 2, 1, 1, 2, 1, 2, 2, 2, 2, 1, 1, 1, 1, 1]
21,[0.54027272 0.26017851 0.45744876 0.51170623 0.41148906 0.55535577
 0.43010313 0.43624241 0.38176007 0.58754473 0.63986072 0.47791108
 0.52855216 0.4711316  0.53810536 0.53588784 0.4361645  0.58056678
 0.55806971 0.50556894 0.49150512 0.40676629 0.48731608 0.49669273
 0.59762894 0.58042495 0.4536668  0.36701632 0.58647765 0.6306929
 0.38433409 0.52425623 0.49428711 0.3718306  0.52265401 0.46951422
 0.53366189 0.49465434 0.54748358 0.52570085 0.60580374 0.54018465
 0.3760013  0.43644202 0.4459258  0.55561628 0.45404939 0.59005783
 0.5095191  0.43068114 0.44158511 0.51136713 0.56219221 0.55949743
 0.56514953 0.4616769  0.61903658],[2, 39.63944210143536, 20.843143725956804, 39.67726331943809, 20.835399636759522, nan, nan, 1, 1, 2, 2, 1, 2, 1, 2, 2, 1, 2, 2, 2, 1, 1, 1, 1, 2, 2, 1, 1, 2, 2, 1, 2, 1, 1, 2, 1, 2, 1, 2, 2, 2, 2, 1, 1, 1, 2, 1, 2, 2, 1, 1, 2, 2, 2, 2, 1, 2]
22,[0.56335842 0.53600383 0.45041815 0.30842027 0.42396719 0.51061245
 0.4868813  0.5718077  0.53216209 0.5377838  0.56273966 0.52913426
 0.54647449 0.60308098 0.4410041  0.48674334 0.50752927 0.44976595
 0.43821687 0.45052585 0.47502189 0.62924018 0.47769444 0.58100992
 0.36123589 0.47235447 0.66943997 0.55849143 0.60878237 0.42861803
 0.4511582  0.45775543 0.43898915 0.3630203  0.44714983 0.67477592
 0.55258185 0.48002281 0.41469532 0.46980071 0.46396039 0.42913865
 0.35000504 0.58021114 0.53588087 0.36107647 0.49529884 0.47754187
 0.50385714 0.5131535  0.62383088 0.55376813 0.42274253 0.38169753
 0.47763237 0.46102372 0.5011128 ],[2, 39.680916852123175, 20.841959087001314, 39.646696023041756, 20.8375021700273, nan, nan, 2, 2, 2, 2, 2, 2, 2, 1, 1, 2, 1, 1, 1, 1, 2, 1, 2, 1, 1, 2, 2, 2, 1, 1, 1, 1, 1, 1, 2, 2, 1, 1, 1, 1, 1, 1, 2, 2, 1, 1, 1, 2, 2, 2, 2, 1, 1, 1, 1, 2]
23,[0.45389923 0.54017204 0.3797819  0.35024606 0.48123184 0.49776988
 0.5395386  0.66705977 0.58052815 0.48810199 0.46796552 0.39609083
 0.45858023 0.53365561 0.43636881 0.43051308 0.53322608 0.40555833
 0.29799726 0.27188017 0.56712179 0.54996666 0.37097509 0.44598247
 0.50303895 0.36914087 0.49838901 0.53481501 0.58498848 0.51867023
 0.60737958 0.40840338 0.41711971 0.45450864 0.53327745 0.66105611
 0.32858754 0.38376107 0.36627749 0.57984654 0.3273724  0.49364016
 0.43817245 0.58751872 0.5348223  0.49895463 0.59569436 0.54290964
 0.53880017 0.52059863 0.55783268 0.55277867 0.44941568 0.47766264
 0.50621212 0.40749041 0.46974006],[2, 39.68154360959415, 20.830057062837703, 39.652985198533386, 20.847151113906737, nan, nan, 2, 2, 1, 1, 1, 1, 2, 1, 1, 2, 1, 1, 1, 2, 2, 1, 1, 2, 1, 1, 2, 2, 2, 2, 1, 1, 1, 2, 2, 1, 1, 1, 2, 1, 1, 1, 2, 2, 1, 2, 2, 2, 2, 2, 2, 1, 1, 2, 1, 1]
24,[0.40128769 0.32709222 0.50014944 0.59390715 0.30036355 0.7327499
 0.54904832 0.41444445 0.50392635 0.49775709 0.4023364  0.34560714
 0.62860775 0.31918125 0.57494375 0.6362906  0.30510757 0.5797778
 0.57144989 0.52137269 0.3994919  0.32813071 0.48259792 0.44919412
 0.41434748 0.52287651 0.46899482 0.34045963 0.47500241 0.53689768
 0.47142753 0.53012488 0.59029309 0.47429227 0.45440436 0.45794544
 0.59291154 0.5043593  0.51165399 0.60357789 0.69304983 0.5307544
 0.59528314 0.44937732 0.43472874 0.44174695 0.49355742 0.52992121
 0.47400218 0.48143576 0.50440026 0.48597332 0.7205241  0.49316809
 0.51160341 0.59748952 0.53458133],[2, 39.649503648824115, 20.850338680527216, 39.68962354249824, 20.81667527692883, nan, nan, 1, 2, 1, 1, 1, 2, 1, 2, 2, 1, 2, 2, 2, 1, 1, 1, 1, 1, 2, 1, 1, 1, 2, 1, 2, 2, 1, 1, 1, 2, 2, 2, 2, 2, 2, 2, 1, 1, 1, 1, 2, 1, 1, 2, 1, 2, 1, 2, 2, 2]
25,[0.58418948 0.50858886 0.3899324  0.44815166 0.49741259 0.49852162
 0.60476504 0.2974334  0.52726874 0.37279181 0.51173626 0.52625758
 0.4923442  0.5282858  0.48400591 0.45309892 0.47113771 0.49106571
 0.53496278 0.35045081 0.63724734 0.53198659 0.49356919 0.40145131
 0.52075358 0.47699834 0.65873424 0.75260416 0.48686001 0.50094318
 0.542776   0.50624103 0.42057727 0.58553334 0.65174794 0.49238364
 0.4485147  0.49767076 0.51681586 0.44900647 0.46765972 0.47421431
 0.41813806 0.51504757 0.63894754 0.4998572  0.44029025 0.74381123
 0.57416727 0.52803139 0.53194366 0.4974187  0.47256339 0.49905424
 0.58897004 0.34695856 0.48249617],[2, 39.67679457207681, 20.83176739534626, 39.667706872993655, 20.849877528895288, nan, nan, 1, 2, 1, 2, 2, 1, 2, 1, 1, 1, 1, 2, 1, 2, 2, 1, 1, 2, 1, 2, 2, 1, 2, 2, 2, 1, 2, 2, 1, 1, 1, 2, 1, 1, 1, 1, 2, 2, 1, 1, 2, 2, 2, 2, 1, 1, 1, 2, 1, 1]
