1,[0.59182759 0.48782922 0.35978033 0.42384024 0.49614211 0.45243574
 0.49470767 0.6098531  0.52130462 0.54911411 0.55714159 0.50218364
 0.48499774 0.56404227 0.37988675 0.48621923 0.48657244 0.43753364
 0.45314458 0.43837817 0.52155226 0.57522338 0.48956888 0.42206925
 0.51315049 0.34217897 0.3477058  0.5894342  0.54129407 0.76918516
 0.49831148 0.53069839 0.38710909 0.58703101 0.65522782 0.61031367
 0.48403625 0.43495441 0.44101401 0.47771644 0.50382143 0.38521423
 0.4776962  0.54826429 0.43464366 0.51673854 0.42331407 0.5825431
 0.70912281 0.51402606 0.48269941 0.61642773 0.50204802 0.52102292
 0.62860026 0.26316172 0.51159622],[2, 39.67367302779862, 20.82668685040964, 39.66405126157054, 20.849663455102228, nan, nan, 2, 2, 2, 2, 2, 1, 2, 1, 1, 1, 1, 1, 1, 2, 2, 1, 1, 2, 1, 1, 2, 2, 2, 1, 2, 1, 2, 2, 2, 1, 1, 1, 1, 2, 1, 1, 2, 1, 2, 1, 2, 2, 2, 1, 2, 2, 2, 2, 1, 2]
2,[0.39980849 0.12218496 0.5204214  0.50083707 0.41192699 0.63163977
 0.59168996 0.4840483  0.47206172 0.38905209 0.55940457 0.4802378
 0.53720845 0.44305772 0.56696973 0.57254895 0.54918198 0.53970458
 0.50666871 0.64917481 0.58262995 0.39602009 0.53419779 0.44061034
 0.54618809 0.55434017 0.4876631  0.41018849 0.64363211 0.57214544
 0.51619516 0.54180651 0.55309895 0.60512232 0.59564161 0.42824983
 0.51682432 0.60217269 0.67371945 0.47712464 0.51591468 0.59869061
 0.51320911 0.4706143  0.51440409 0.55363609 0.52374283 0.57294028
 0.41777484 0.47493354 0.50324011 0.44282906 0.55830102 0.54203006
 0.57579181 0.60820604 0.54056046],[2, 39.6186925637787, 20.853754453306074, 39.67562896724368, 20.83547342604118, nan, nan, 1, 1, 1, 2, 1, 2, 1, 2, 2, 2, 2, 2, 2, 2, 1, 2, 1, 2, 2, 1, 1, 2, 2, 2, 2, 2, 2, 2, 1, 2, 2, 2, 1, 2, 2, 2, 1, 2, 2, 2, 2, 1, 1, 2, 1, 2, 2, 2, 2, 2]
3,[0.51990331 0.58329479 0.3021787  0.36350166 0.47023602 0.61589538
 0.43111569 0.38542491 0.60234367 0.60658042 0.57127774 0.51118976
 0.35874384 0.49075401 0.43531802 0.49798245 0.60671366 0.44244837
 0.50671322 0.471463   0.49298046 0.56778653 0.5495549  0.47750043
 0.50867854 0.43672263 0.57873805 0.50611519 0.60789165 0.61567534
 0.57333199 0.50527859 0.41988542 0.62792625 0.53286339 0.57547635
 0.42937658 0.47456543 0.50046783 0.46324325 0.48687525 0.43887754
 0.48972539 0.48955317 0.49300629 0.47784951 0.53355297 0.52366047
 0.60343489 0.57634259 0.57292448 0.58287327 0.44376705 0.46877145
 0.44095065 0.49434686 0.39621263],[2, 39.68802780418523, 20.816981125034562, 39.65497839105039, 20.845298345963727, nan, nan, 1, 2, 2, 2, 2, 1, 1, 1, 1, 2, 1, 2, 1, 1, 2, 2, 1, 2, 1, 2, 2, 2, 2, 2, 2, 1, 2, 2, 2, 1, 1, 2, 1, 1, 1, 1, 1, 1, 1, 2, 2, 2, 2, 2, 2, 1, 1, 1, 1, 1]
4,[0.53648232 0.56686687 0.32699287 0.38489806 0.49411739 0.5518473
 0.4535563  0.56949113 0.53869763 0.56331168 0.48822602 0.51439041
 0.38341162 0.52104629 0.43827839 0.51238915 0.58659337 0.48652716
 0.60179188 0.44766103 0.49376785 0.5229338  0.57366586 0.47779087
 0.51670627 0.41789308 0.53497864 0.49530559 0.50300383 0.58404256
 0.52653473 0.52937877 0.46566257 0.59111861 0.51298163 0.62143166
 0.4942185  0.43942259 0.49142187 0.46557064 0.43305437 0.32837968
 0.48177837 0.51419774 0.49683332 0.53326261 0.5932994  0.42713949
 0.49311519 0.52944025 0.48957064 0.56948826 0.43741096 0.43325314
 0.45852901 0.37830841 0.45819418],[2, 39.685557603695464, 20.821162248442263, 39.65819568186538, 20.849322296036426, nan, nan, 2, 2, 2, 1, 2, 1, 2, 1, 2, 2, 1, 2, 1, 1, 2, 2, 1, 2, 1, 2, 1, 2, 2, 2, 2, 1, 2, 2, 2, 1, 1, 1, 1, 1, 1, 1, 2, 1, 2, 2, 1, 1, 2, 1, 2, 1, 1, 1, 1, 1]
5,[0.55202222 0.34912062 0.3724551  0.4674314  0.42359896 0.43201857
 0.34183609 0.42476335 0.47450165 0.60682949 0.49446363 0.40727948
 0.46410367 0.46697731 0.50648599 0.4640289  0.53833377 0.56701099
 0.53590343 0.52803421 0.49777982 0.48612704 0.55113134 0.50719535
 0.55456736 0.51380804 0.51097736 0.58437849 0.45795397 0.67753011
 0.44890934 0.53684437 0.58569392 0.55796118 0.53427461 0.40872452
 0.42409899 0.44088407 0.51827627 0.50723975 0.5556715  0.43670789
 0.53098133 0.40772417 0.44479338 0.53901567 0.40863453 0.58123881
 0.48641048 0.46115998 0.49687141 0.49968006 0.51171354 0.57949658
 0.49054333 0.36292773 0.55260838],[2, 39.65281597104514, 20.82882251547674, 39.67060589047656, 20.837440122625722, nan, nan, 1, 1, 2, 1, 1, 1, 1, 2, 1, 2, 2, 2, 2, 1, 1, 2, 2, 2, 2, 2, 2, 1, 2, 1, 2, 2, 2, 2, 1, 1, 1, 2, 2, 2, 1, 2, 1, 1, 2, 1, 2, 1, 1, 1, 1, 2, 2, 1, 1, 2]
6,[0.50372394 0.34323403 0.318192   0.51531241 0.47051024 0.427558
 0.44842784 0.36619328 0.57898168 0.48033472 0.64323987 0.54352792
 0.53943595 0.59616873 0.50034971 0.47933531 0.36907572 0.57502865
 0.49779107 0.51065597 0.51947929 0.43903874 0.55178821 0.46830338
 0.56222696 0.49665146 0.43053216 0.47693351 0.4623622  0.49444301
 0.52499949 0.50045044 0.69682146 0.54769159 0.54576774 0.45020114
 0.45647953 0.54014324 0.53136655 0.45875331 0.56748896 0.51398789
 0.36887583 0.48569444 0.39851657 0.51685893 0.4238483  0.4409381
 0.43152585 0.489262   0.47039242 0.5444635  0.6307654  0.49552959
 0.51674368 0.43174014 0.52024759],[2, 39.651930828194935, 20.819679323914894, 39.67780556516361, 20.84534455199895, nan, nan, 1, 2, 1, 2, 2, 2, 2, 2, 1, 1, 2, 1, 2, 2, 1, 2, 1, 2, 1, 1, 1, 1, 1, 2, 2, 2, 2, 2, 1, 1, 2, 2, 1, 2, 2, 1, 1, 1, 2, 1, 1, 1, 1, 1, 2, 2, 1, 2, 1, 2]
7,[0.41539631 0.5700904  0.30703273 0.29317737 0.52195844 0.53315846
 0.57546371 0.6173834  0.57684116 0.39518387 0.26641044 0.54054616
 0.45935085 0.61542846 0.49621734 0.48150459 0.51376777 0.48362349
 0.50833349 0.34502342 0.44544796 0.49677406 0.51135038 0.58745593
 0.59367895 0.44176667 0.56722507 0.58241319 0.56987781 0.54918218
 0.51779144 0.60894286 0.49816493 0.57141092 0.71804806 0.56626672
 0.48519815 0.49078269 0.48194662 0.42581242 0.43216297 0.40439055
 0.44476413 0.54028384 0.58050837 0.63986891 0.43121277 0.54157116
 0.65038577 0.64561159 0.36251265 0.5826874  0.5058583  0.4679127
 0.58066085 0.51067638 0.42159002],[2, 39.686042313661545, 20.817799016456636, 39.64440400846423, 20.85401344063501, nan, nan, 2, 2, 1, 1, 2, 1, 2, 1, 1, 2, 1, 2, 1, 1, 1, 2, 2, 2, 1, 2, 2, 2, 2, 2, 2, 1, 2, 2, 2, 1, 1, 1, 1, 1, 1, 1, 2, 2, 2, 1, 2, 2, 2, 1, 2, 2, 1, 2, 2, 1]
8,[0.4889116  0.25786807 0.42968739 0.53050295 0.40408957 0.5155037
 0.50431166 0.49221474 0.30833289 0.69673562 0.56836775 0.31021169
 0.58549075 0.42626456 0.54297097 0.58882347 0.47302581 0.5028521
 0.51395454 0.66059112 0.49005294 0.44336847 0.53118375 0.43569231
 0.51989876 0.52352879 0.45449976 0.49758633 0.46897679 0.51878067
 0.5093883  0.51619878 0.5451008  0.37087497 0.47836986 0.47138415
 0.51736048 0.52923076 0.57977707 0.47765112 0.52183277 0.5960517
 0.50219072 0.50009901 0.46700556 0.53470333 0.42716585 0.52979764
 0.37374961 0.45238856 0.39444085 0.43656359 0.62772274 0.61325796
 0.49927962 0.49552683 0.57491402],[2, 39.63909469078173, 20.838466007665893, 39.68008970729814, 20.834152841771765, nan, nan, 1, 1, 2, 2, 1, 2, 1, 2, 2, 1, 2, 2, 2, 1, 1, 2, 1, 2, 2, 1, 1, 1, 2, 2, 2, 2, 1, 1, 1, 2, 2, 2, 1, 2, 2, 2, 2, 1, 2, 1, 2, 1, 1, 1, 1, 2, 2, 1, 1, 2]
9,[0.41997378 0.52752761 0.41849153 0.17164708 0.49594111 0.43687662
 0.42036116 0.49124496 0.52468133 0.44734142 0.46155754 0.50457473
 0.50124666 0.50843568 0.48983502 0.49771609 0.57252111 0.46882158
 0.33298378 0.4104355  0.39038541 0.57227233 0.44728513 0.5658587
 0.3566429  0.47314865 0.55157995 0.54804552 0.57033988 0.43163755
 0.43894683 0.45164124 0.40845664 0.57576039 0.56080508 0.52051177
 0.46567618 0.4231408  0.41771135 0.4884123  0.45578714 0.42954014
 0.39112809 0.61317592 0.56538127 0.45276823 0.57706504 0.48230269
 0.50887141 0.52800991 0.63235576 0.53232612 0.37599814 0.42665863
 0.46112975 0.45047274 0.46457037],[2, 39.67964231587526, 20.836579534235458, 39.62612998467786, 20.849629587916088, nan, nan, 1, 2, 1, 1, 2, 2, 2, 1, 1, 2, 1, 1, 1, 1, 2, 1, 2, 1, 1, 2, 2, 2, 1, 1, 1, 1, 2, 2, 2, 1, 1, 1, 1, 1, 1, 1, 2, 2, 1, 2, 1, 2, 2, 2, 2, 1, 1, 1, 1, 1]
10,[0.55235367 0.5139042  0.43444264 0.32443299 0.36460637 0.60782223
 0.52216504 0.49995792 0.52266187 0.47946873 0.4577238  0.53386146
 0.48989311 0.49869946 0.42046652 0.61789692 0.57016276 0.42404394
 0.4533389  0.47286572 0.43846787 0.54344909 0.44582515 0.66324541
 0.46694917 0.50622654 0.503732   0.57164628 0.54194348 0.4576593
 0.39214352 0.44058892 0.49348794 0.33624183 0.5291569  0.62775356
 0.60011383 0.48067756 0.45484888 0.51664605 0.47258288 0.40671018
 0.51039129 0.53392857 0.54675724 0.4972684  0.54118063 0.48599065
 0.48442972 0.50259551 0.57622263 0.54119553 0.35865627 0.45364762
 0.49880061 0.53105204 0.45495137],[2, 39.67759381884045, 20.83926725462473, 39.649103790670395, 20.82750002532593, nan, nan, 1, 2, 1, 1, 2, 1, 1, 1, 2, 2, 1, 1, 1, 1, 2, 1, 2, 1, 2, 2, 2, 2, 1, 1, 1, 1, 1, 2, 2, 2, 1, 1, 2, 1, 1, 2, 2, 2, 1, 2, 1, 1, 2, 2, 2, 1, 1, 1, 2, 1]
11,[0.48861148 0.33235253 0.36779485 0.48631838 0.47292149 0.34877349
 0.51133299 0.48676118 0.49009771 0.56259955 0.53051458 0.49259483
 0.61366161 0.44536176 0.49367003 0.47034212 0.45362776 0.47256055
 0.53528532 0.55693091 0.55219637 0.48230659 0.62801323 0.49869253
 0.59771051 0.52955994 0.48761804 0.39657395 0.40795971 0.58622629
 0.53020657 0.61554019 0.52119552 0.56509225 0.51222522 0.39032413
 0.45121779 0.56800011 0.52103244 0.50337609 0.51572655 0.51682924
 0.53426729 0.47441391 0.45150286 0.56299174 0.4240359  0.50322322
 0.48264565 0.45709695 0.36963938 0.50059343 0.51829718 0.57153832
 0.73454831 0.61680967 0.52075625],[2, 39.65029462120835, 20.82803727646787, 39.673445849077105, 20.845750840965025, nan, nan, 1, 1, 2, 2, 1, 2, 1, 1, 1, 1, 1, 2, 2, 2, 1, 2, 1, 2, 2, 1, 1, 1, 2, 2, 2, 2, 2, 2, 1, 1, 2, 2, 2, 2, 2, 2, 1, 1, 2, 1, 2, 1, 1, 1, 2, 2, 2, 2, 2, 2]
12,[0.55100919 0.35218014 0.30619872 0.45944628 0.48690046 0.53688868
 0.48167088 0.45279619 0.53520958 0.48140576 0.5545994  0.50503331
 0.57083446 0.64073783 0.53102453 0.47079827 0.46318373 0.57372365
 0.57762612 0.50671507 0.62870277 0.5191366  0.56986548 0.50162123
 0.55069115 0.3794563  0.39329761 0.57328174 0.50717371 0.55179679
 0.62265277 0.64192426 0.52316856 0.53277763 0.50111886 0.51004314
 0.4421494  0.51523002 0.50782415 0.41401193 0.607562   0.48222829
 0.39043454 0.48550013 0.40604082 0.538326   0.46363621 0.60860533
 0.5067046  0.54398755 0.46247307 0.50382667 0.41915288 0.53521187
 0.52722643 0.37813236 0.51693094],[2, 39.65327601906383, 20.817658488724728, 39.66940520004429, 20.84810626233381, nan, nan, 1, 2, 1, 2, 2, 2, 2, 2, 1, 1, 2, 2, 2, 2, 2, 2, 2, 2, 1, 1, 2, 2, 2, 2, 2, 2, 2, 2, 2, 1, 2, 2, 1, 2, 1, 1, 1, 1, 2, 1, 2, 2, 2, 1, 2, 1, 2, 2, 1, 2]
13,[0.44039455 0.6048646  0.28929414 0.40038631 0.49390581 0.4094923
 0.55590666 0.49163289 0.55530742 0.56546189 0.5593918  0.56042703
 0.46737027 0.56610491 0.45472345 0.43231493 0.44008609 0.39122221
 0.60876767 0.42815614 0.51627336 0.5295997  0.55564936 0.57400966
 0.57212109 0.48716966 0.54887019 0.5129859  0.54341878 0.57200178
 0.5155153  0.54641085 0.49477872 0.58750061 0.53690965 0.52841137
 0.45276949 0.49055661 0.41159281 0.50264829 0.50180627 0.45293422
 0.49463969 0.5372853  0.5842288  0.57158599 0.58421433 0.56327387
 0.56525357 0.60008952 0.46965519 0.51347384 0.39652216 0.4688031
 0.41548811 0.44810041 0.45731409],[2, 39.6912711702181, 20.814810110768782, 39.66052458744499, 20.849286644501834, nan, nan, 1, 2, 2, 2, 2, 1, 2, 1, 1, 1, 1, 2, 1, 2, 2, 2, 2, 2, 1, 2, 2, 2, 2, 2, 2, 1, 2, 2, 2, 1, 1, 1, 2, 2, 1, 1, 2, 2, 2, 2, 2, 2, 2, 1, 2, 1, 1, 1, 1, 1]
14,[0.41665588 0.61821104 0.29869106 0.3392829  0.4717757  0.50050983
 0.40898126 0.41419898 0.59798197 0.56876059 0.37421534 0.52639025
 0.39924984 0.61746638 0.45750216 0.45473786 0.52516686 0.3998594
 0.67549063 0.41438221 0.54230751 0.58216139 0.53928023 0.51312971
 0.55798884 0.46249487 0.49925273 0.57309464 0.53115937 0.47417826
 0.56733602 0.37536092 0.38360588 0.46768111 0.559153   0.55220022
 0.29167046 0.38798335 0.63115474 0.61676215 0.45825686 0.49859443
 0.43625294 0.51992548 0.64125725 0.52987704 0.5454724  0.66335752
 0.62630236 0.570937   0.61532625 0.58776297 0.27907612 0.45381807
 0.55340621 0.47062612 0.50595396],[2, 39.69327802171832, 20.81639346657341, 39.65133671282612, 20.845557778363304, nan, nan, 1, 2, 2, 1, 2, 1, 2, 1, 1, 2, 1, 2, 1, 2, 2, 2, 2, 2, 1, 1, 2, 2, 1, 2, 1, 1, 1, 2, 2, 1, 1, 2, 2, 1, 1, 1, 2, 2, 2, 2, 2, 2, 2, 2, 2, 1, 1, 2, 1, 2]
15,[0.51203396 0.35063366 0.53162878 0.52157456 0.34392322 0.5094094
 0.45889197 0.49013543 0.48035631 0.47919069 0.51146688 0.48970455
 0.48347426 0.47383355 0.53209623 0.57946722 0.5164216  0.50793967
 0.58757033 0.50328537 0.58729259 0.50297021 0.46805257 0.5271932
 0.44682512 0.54473556 0.47641628 0.48014162 0.45607341 0.47906699
 0.37993514 0.55409147 0.5686346  0.44166475 0.48886846 0.26780677
 0.55380794 0.54404428 0.57510226 0.38248102 0.62318803 0.53585966
 0.53915014 0.40733955 0.51509778 0.46235077 0.49406087 0.56969026
 0.47650922 0.48426256 0.49146355 0.48408946 0.56368994 0.61826785
 0.51069042 0.62111916 0.49967068],[2, 39.65304348109077, 20.85564286787296, 39.67874718036505, 20.82401496843997, nan, nan, 1, 1, 1, 2, 1, 1, 1, 2, 2, 2, 2, 2, 2, 2, 2, 1, 2, 1, 2, 1, 1, 1, 1, 1, 2, 2, 1, 1, 1, 2, 2, 2, 1, 2, 2, 2, 1, 2, 1, 1, 2, 1, 1, 1, 1, 2, 2, 2, 2, 1]
16,[0.49664031 0.46850932 0.48571591 0.36759886 0.3054062  0.55169511
 0.63502153 0.52807262 0.47901276 0.46153775 0.36549692 0.52262203
 0.48297273 0.46718056 0.51804986 0.52607932 0.53467216 0.35910549
 0.36797916 0.47705467 0.48279744 0.44345601 0.44642597 0.51352301
 0.372432   0.59741947 0.58758659 0.51909811 0.55380961 0.49932364
 0.44156829 0.48479701 0.56169539 0.44503428 0.45950673 0.46591965
 0.57236286 0.46267511 0.48598022 0.53352598 0.36896977 0.48399139
 0.51630577 0.58299203 0.57224226 0.40540807 0.51351764 0.4321571
 0.53684926 0.40988622 0.49445478 0.49295234 0.5125536  0.46325222
 0.48331487 0.52886167 0.46966396],[2, 39.67076797211125, 20.84790666799033, 39.655594470001105, 20.817524950634358, nan, nan, 2, 1, 1, 1, 2, 1, 1, 2, 2, 2, 1, 1, 1, 1, 1, 1, 2, 1, 2, 2, 2, 2, 1, 1, 1, 2, 1, 1, 1, 2, 1, 1, 2, 1, 1, 2, 2, 2, 1, 2, 1, 2, 1, 1, 1, 2, 1, 1, 2, 1]
17,[0.4633478  0.60984823 0.30980392 0.34560314 0.45712114 0.47672934
 0.53565423 0.56163606 0.58410584 0.56284362 0.44814049 0.50550669
 0.43663614 0.51191225 0.38192182 0.45162021 0.59453895 0.46507534
 0.48953083 0.45646495 0.40159223 0.64914648 0.51971493 0.561119
 0.44930341 0.39123853 0.70137088 0.5314254  0.51384745 0.60594001
 0.53512634 0.59447296 0.43134723 0.5334308  0.59749419 0.62064589
 0.50536854 0.46953711 0.36585802 0.50654958 0.46262947 0.45120629
 0.47114774 0.52224244 0.49236479 0.55026838 0.52589802 0.6239051
 0.52835782 0.66873114 0.53967011 0.56527844 0.4808119  0.46127958
 0.41373549 0.40732903 0.48575369],[2, 39.692020538920275, 20.81826595570811, 39.652287062379585, 20.84308852370973, nan, nan, 2, 2, 2, 1, 2, 1, 2, 1, 1, 2, 1, 1, 1, 1, 2, 2, 2, 1, 1, 2, 2, 2, 2, 2, 2, 1, 2, 2, 2, 2, 1, 1, 2, 1, 1, 1, 2, 1, 2, 2, 2, 2, 2, 2, 2, 1, 1, 1, 1, 1]
18,[0.4570584  0.3015224  0.45799037 0.54005265 0.36961813 0.53070636
 0.51714982 0.44210455 0.48242838 0.52937425 0.50079008 0.31313301
 0.58389982 0.47701287 0.58227748 0.54353274 0.41439196 0.56738135
 0.51447686 0.58044526 0.46794726 0.46732262 0.5655293  0.46505591
 0.69446524 0.63968107 0.47233666 0.47458079 0.49360233 0.51736781
 0.43913478 0.47057525 0.52473783 0.49945433 0.40143672 0.40438047
 0.50837726 0.55113474 0.52958094 0.31549596 0.48774795 0.56617926
 0.49036793 0.47151467 0.48669474 0.57177515 0.39161112 0.5270837
 0.48493341 0.39817753 0.45678074 0.341139   0.57959989 0.65817083
 0.52840947 0.52610557 0.54409429],[2, 39.64565881739426, 20.84323498701171, 39.68152565602043, 20.828344494005503, nan, nan, 1, 1, 2, 2, 1, 2, 1, 2, 2, 1, 2, 2, 2, 1, 1, 2, 1, 2, 2, 1, 1, 1, 2, 1, 1, 2, 1, 1, 1, 2, 2, 2, 1, 1, 2, 1, 1, 1, 2, 1, 2, 1, 1, 1, 1, 2, 2, 2, 2, 2]
19,[0.56444623 0.33296216 0.4622837  0.59657102 0.31164987 0.53403021
 0.61754742 0.48681633 0.40534407 0.46342339 0.52339753 0.45954817
 0.51420599 0.46485928 0.43676751 0.62852969 0.44175962 0.53839196
 0.51749807 0.56239049 0.43370263 0.45381768 0.49340287 0.40730172
 0.54119567 0.57682228 0.38505419 0.41152086 0.47807212 0.40624969
 0.42662514 0.49041631 0.58953717 0.48840565 0.41867444 0.47035967
 0.668904   0.45185829 0.53412326 0.4146269  0.58132603 0.5628269
 0.49920167 0.41732544 0.36133323 0.6482661  0.58759097 0.42802252
 0.47929129 0.38296299 0.49565411 0.51315545 0.54663375 0.51574312
 0.44417325 0.49152975 0.66423674],[2, 39.65038628831311, 20.843958400831188, 39.690024097639196, 20.81857699246583, nan, nan, 1, 1, 1, 2, 1, 2, 1, 1, 2, 1, 2, 2, 2, 1, 1, 1, 1, 2, 2, 1, 1, 1, 1, 1, 1, 2, 1, 1, 1, 2, 1, 2, 1, 2, 2, 1, 1, 1, 2, 2, 1, 1, 1, 1, 2, 2, 2, 1, 1, 2]
20,[0.5219442  0.38557354 0.43067425 0.53280162 0.42257157 0.41774508
 0.45900485 0.39325804 0.48159489 0.23749339 0.58473332 0.42142683
 0.56771992 0.47302032 0.64544753 0.54099382 0.50098739 0.61383495
 0.68720136 0.49694558 0.53727903 0.38885484 0.48434624 0.46910513
 0.5884041  0.52852915 0.46499746 0.48480366 0.36531925 0.444132
 0.49109666 0.50841077 0.55930429 0.4603877  0.56254447 0.5107135
 0.37842544 0.53689672 0.55563983 0.43829287 0.52648468 0.50430685
 0.51668009 0.40310298 0.66888714 0.51633297 0.50117765 0.6415612
 0.46875588 0.46907229 0.5058541  0.47671753 0.52233783 0.59742528
 0.56033173 0.48265695 0.56889685],[2, 39.65829725032161, 20.8386322921867, 39.68043534856396, 20.837267010348874, nan, nan, 1, 1, 1, 2, 1, 2, 1, 2, 2, 2, 2, 2, 1, 2, 1, 1, 1, 2, 2, 1, 1, 1, 1, 1, 2, 2, 1, 2, 2, 1, 2, 2, 1, 2, 2, 2, 1, 2, 2, 2, 2, 1, 1, 2, 1, 2, 2, 2, 1, 2]
21,[0.47456975 0.58969113 0.33794116 0.38625061 0.49708503 0.38742546
 0.42120589 0.59607252 0.56474993 0.56362893 0.45955036 0.51480841
 0.43210467 0.63149517 0.46414253 0.44681484 0.54278106 0.41297691
 0.54505981 0.38048146 0.52983861 0.55856175 0.51088831 0.51530256
 0.57391135 0.44116983 0.58732099 0.52007566 0.52386738 0.50583786
 0.50617037 0.57355421 0.45164216 0.57992422 0.51496784 0.58531636
 0.62754846 0.52221673 0.61191046 0.49078053 0.50616723 0.45519233
 0.48479413 0.5758015  0.3854293  0.52581617 0.53455165 0.49230849
 0.51974094 0.5722686  0.45067131 0.52126487 0.47049188 0.42440957
 0.60572134 0.48311445 0.47062309],[2, 39.68898959662922, 20.823007006965778, 39.65839905926989, 20.84982233519825, nan, nan, 2, 2, 2, 1, 2, 1, 2, 1, 1, 2, 1, 2, 1, 2, 2, 2, 2, 2, 1, 2, 2, 2, 2, 2, 2, 1, 2, 2, 2, 2, 2, 2, 1, 2, 1, 1, 2, 1, 2, 2, 1, 2, 2, 1, 2, 1, 1, 2, 1, 1]
22,[0.41126857 0.51598902 0.43309586 0.28808293 0.39678125 0.44090301
 0.61296306 0.50306379 0.51861284 0.59893688 0.43872967 0.51634153
 0.43699964 0.60296185 0.40496777 0.41286156 0.54989293 0.45951508
 0.38531688 0.47630397 0.41838361 0.54226751 0.47606235 0.54518884
 0.48604918 0.49035748 0.48124739 0.6813612  0.58835917 0.46341417
 0.47857682 0.46903    0.47295858 0.44285569 0.43828711 0.52414641
 0.5413827  0.45740318 0.46541984 0.51124202 0.48935835 0.45877606
 0.52513706 0.61329459 0.54039257 0.43888607 0.56105301 0.529567
 0.61578688 0.49190325 0.68273285 0.54591651 0.4596211  0.46199457
 0.36673403 0.50937885 0.46726702],[2, 39.67790730439427, 20.839040326361726, 39.643637978454706, 20.832921409593194, nan, nan, 2, 2, 2, 1, 2, 1, 2, 1, 1, 2, 1, 1, 1, 1, 2, 1, 2, 1, 1, 1, 2, 2, 1, 1, 1, 1, 1, 1, 2, 2, 1, 1, 2, 1, 1, 2, 2, 2, 1, 2, 2, 2, 1, 2, 2, 1, 1, 1, 2, 1]
23,[0.47405049 0.38979443 0.51212286 0.50882003 0.3550878  0.48024233
 0.47290023 0.42475833 0.4909547  0.39116125 0.45221471 0.41684178
 0.49680627 0.42592164 0.59326591 0.54896366 0.50392855 0.50577645
 0.47318283 0.51624052 0.45405012 0.44306568 0.43889259 0.59437687
 0.47088803 0.66438227 0.51216468 0.47693902 0.46477989 0.43878264
 0.40452896 0.50504032 0.53535269 0.46157035 0.44461513 0.48655469
 0.54334266 0.51229924 0.59936186 0.51392384 0.55676759 0.53171496
 0.52084651 0.41565874 0.5172379  0.43029619 0.50944262 0.53719834
 0.48360329 0.40884672 0.51376681 0.44443025 0.51493109 0.6127699
 0.44521537 0.55908845 0.50140484],[2, 39.658931929496326, 20.852356170704923, 39.67682933268441, 20.825896171881002, nan, nan, 1, 1, 1, 1, 1, 1, 1, 2, 2, 2, 2, 1, 2, 1, 1, 1, 2, 1, 2, 2, 1, 1, 1, 1, 2, 2, 1, 1, 1, 2, 2, 2, 2, 2, 2, 2, 1, 2, 1, 2, 2, 1, 1, 2, 1, 2, 2, 1, 2, 2]
24,[0.55452212 0.57014605 0.37165463 0.41335037 0.49545891 0.51070282
 0.49700532 0.61713335 0.54376973 0.57294272 0.37692972 0.54519572
 0.47351227 0.51732408 0.44321963 0.33412059 0.49007994 0.49708397
 0.48155462 0.46345216 0.63183259 0.50482899 0.65853424 0.50161006
 0.5027573  0.41294537 0.61421847 0.54437778 0.5151841  0.5661416
 0.51816801 0.40602399 0.42777764 0.5433787  0.5358004  0.68036041
 0.47003351 0.46624279 0.47966847 0.43475034 0.43858175 0.42919327
 0.48271866 0.53427165 0.39343992 0.62371867 0.50610706 0.49005314
 0.54842569 0.54090395 0.51625268 0.49435069 0.33247387 0.43883655
 0.51899807 0.4925422  0.49251711],[2, 39.6860506805252, 20.82868763951035, 39.66247394178515, 20.84954833749739, nan, nan, 2, 2, 2, 1, 2, 1, 2, 1, 1, 1, 1, 1, 1, 2, 2, 2, 2, 2, 1, 2, 2, 2, 2, 2, 1, 1, 2, 2, 2, 1, 1, 1, 1, 1, 1, 1, 2, 1, 2, 2, 1, 2, 2, 2, 1, 1, 1, 2, 1, 1]
25,[0.5677665  0.54997355 0.35187887 0.31290263 0.45020037 0.62948041
 0.52318797 0.53755082 0.54514378 0.62765829 0.46911822 0.52685084
 0.4841209  0.53498757 0.40735172 0.44991851 0.53732923 0.48135583
 0.55262811 0.44814319 0.46012823 0.56169867 0.46121148 0.44995896
 0.3966872  0.48850859 0.54871621 0.49816888 0.55073251 0.51133401
 0.52604514 0.53381638 0.47824474 0.47452486 0.55815516 0.51869891
 0.67491592 0.48396744 0.46060998 0.50753914 0.40870284 0.50025194
 0.46135386 0.56112788 0.54797108 0.49368142 0.56965991 0.4803023
 0.53224836 0.48677998 0.51209575 0.54543139 0.41783848 0.42624246
 0.50393918 0.46826725 0.36176509],[2, 39.68301742207628, 20.82535547540803, 39.64737001626953, 20.84192239174794, nan, nan, 2, 2, 2, 1, 2, 1, 2, 1, 1, 2, 1, 2, 1, 1, 2, 1, 1, 1, 1, 2, 1, 2, 2, 2, 2, 1, 1, 2, 2, 2, 1, 1, 2, 1, 2, 1, 2, 2, 1, 2, 1, 2, 1, 2, 2, 1, 1, 2, 1, 1]
