1,[0.56757941 0.3641832  0.47028343 0.59001045 0.34642214 0.55161502
 0.46312267 0.40927335 0.47963192 0.49722862 0.54026985 0.48246652
 0.60163036 0.47499361 0.49490876 0.54163601 0.40484787 0.50174493
 0.56266178 0.58223823 0.47590213 0.46794086 0.42308506 0.42849028
 0.47215399 0.66401145 0.46480346 0.4434609  0.51219699 0.46793329
 0.43702606 0.50227644 0.52725644 0.3970605  0.46645308 0.41243676
 0.51926402 0.50441587 0.52610633 0.48142748 0.49840755 0.52711685
 0.52353981 0.44172484 0.42108095 0.46612496 0.49108337 0.47667121
 0.47536474 0.46536346 0.4280219  0.49728522 0.64667077 0.56128321
 0.51337136 0.54053078 0.52823399],[2, 39.65508087084476, 20.845306335440068, 39.68903761185315, 20.824436029104014, nan, nan, 1, 1, 1, 2, 1, 2, 1, 1, 2, 1, 2, 2, 2, 1, 1, 1, 1, 1, 2, 1, 1, 2, 1, 1, 2, 2, 1, 1, 1, 2, 2, 2, 1, 1, 2, 2, 1, 1, 1, 1, 1, 1, 1, 1, 1, 2, 2, 2, 2, 2]
2,[0.45522685 0.34414739 0.31825451 0.49674064 0.47020772 0.54198215
 0.59657073 0.48805287 0.51223443 0.51384889 0.55093741 0.45659478
 0.51441172 0.40459082 0.44056953 0.51329392 0.47031316 0.54085115
 0.57203207 0.53261099 0.48692156 0.44848947 0.54026997 0.4536756
 0.52775673 0.50148503 0.42084746 0.48450717 0.46241133 0.59580681
 0.58580393 0.54000352 0.5986946  0.60161376 0.60745367 0.43907364
 0.47639311 0.4993456  0.51358214 0.50238575 0.48505905 0.62342603
 0.55834481 0.44738459 0.43466133 0.5127809  0.45520998 0.55653448
 0.43912926 0.52194608 0.46617446 0.49619085 0.52087627 0.50894601
 0.5457585  0.41628301 0.51620209],[2, 39.6520681658855, 20.81968985758074, 39.675013003363155, 20.84529357850789, nan, nan, 1, 2, 2, 2, 1, 2, 1, 1, 2, 1, 2, 2, 2, 1, 1, 2, 1, 2, 2, 1, 1, 1, 2, 2, 2, 2, 2, 2, 1, 1, 1, 2, 2, 1, 2, 2, 1, 1, 2, 1, 2, 1, 2, 1, 1, 2, 2, 2, 1, 2]
3,[0.38237938 0.62032162 0.28049441 0.39052448 0.49120843 0.35066396
 0.5986393  0.62206159 0.54977449 0.58590726 0.66200227 0.60772765
 0.43960595 0.5167547  0.45946339 0.48270855 0.54418284 0.43934427
 0.54878849 0.34009531 0.54333468 0.64478004 0.587584   0.52773493
 0.53191463 0.43359131 0.54311389 0.52468021 0.45042313 0.50970513
 0.59261242 0.56105189 0.36170991 0.51184949 0.52042384 0.56209396
 0.49105789 0.53747334 0.50304174 0.5428671  0.46444556 0.43870483
 0.36174539 0.63380135 0.42089373 0.46046627 0.5633005  0.56172839
 0.54786413 0.63029384 0.33852912 0.63368882 0.39698236 0.53300717
 0.60943175 0.50408666 0.36256054],[2, 39.69359537997521, 20.813327378838842, 39.659041704141025, 20.848832144150986, nan, nan, 2, 2, 2, 2, 2, 1, 2, 1, 1, 2, 1, 2, 1, 2, 2, 2, 2, 2, 1, 2, 2, 1, 2, 2, 2, 1, 2, 2, 2, 1, 2, 2, 2, 1, 1, 1, 2, 1, 1, 2, 2, 2, 2, 1, 2, 1, 2, 2, 2, 1]
4,[0.57726513 0.38268053 0.45505117 0.56377388 0.31560878 0.53616352
 0.48626297 0.45095933 0.44008849 0.45970886 0.51334205 0.48026873
 0.71335678 0.49127066 0.50450729 0.60065037 0.48571672 0.60616196
 0.48659948 0.49580554 0.5038372  0.47735729 0.59862931 0.39984036
 0.458648   0.72544077 0.48280786 0.44124905 0.40544206 0.49909949
 0.4847967  0.34112576 0.5486597  0.49587636 0.46131007 0.39547876
 0.5098022  0.56302895 0.52622384 0.48475777 0.58885653 0.54202667
 0.519456   0.36635895 0.55656129 0.41369523 0.49219832 0.54538517
 0.46431601 0.42917188 0.48107462 0.48519703 0.73314371 0.53710421
 0.51155538 0.52368247 0.52901949],[2, 39.657862240533724, 20.842739738271188, 39.685092523508814, 20.81924405869602, nan, nan, 1, 1, 1, 2, 1, 2, 1, 2, 2, 1, 2, 1, 1, 2, 1, 2, 1, 1, 2, 1, 1, 1, 1, 1, 1, 2, 1, 1, 1, 2, 2, 2, 1, 2, 2, 2, 1, 2, 1, 1, 2, 1, 1, 1, 1, 2, 2, 2, 2, 2]
5,[0.52451784 0.4603826  0.49948512 0.38397876 0.29819321 0.52845821
 0.41739149 0.58785435 0.43603092 0.36784968 0.40749952 0.4026356
 0.52058656 0.44283678 0.53807677 0.61453654 0.55457803 0.56561173
 0.43175836 0.47814925 0.39151865 0.42071982 0.4052073  0.56757714
 0.37460101 0.57148953 0.44281296 0.45153304 0.54590051 0.4921596
 0.46541986 0.46589618 0.51781377 0.42812382 0.42504913 0.63442696
 0.52448014 0.49597587 0.42156872 0.56141977 0.44670015 0.42048268
 0.63870175 0.57501519 0.5896791  0.42313224 0.62163821 0.46484753
 0.51743849 0.4619363  0.55956104 0.47679592 0.47963061 0.46150465
 0.42060428 0.55150564 0.379277  ],[2, 39.66954599056606, 20.850226743326356, 39.65805745068556, 20.816309580059286, nan, nan, 2, 1, 1, 1, 1, 2, 1, 2, 2, 2, 2, 1, 1, 1, 1, 1, 2, 1, 2, 1, 1, 2, 1, 1, 1, 2, 1, 1, 2, 2, 1, 1, 2, 1, 1, 2, 2, 2, 1, 2, 1, 2, 1, 2, 1, 1, 1, 1, 2, 1]
6,[0.51846291 0.37421739 0.46802711 0.57076415 0.31829558 0.5192702
 0.40678483 0.44091539 0.44006278 0.49321788 0.62329744 0.59149326
 0.5790278  0.48857951 0.59228464 0.50402559 0.466159   0.48932374
 0.44732885 0.54438234 0.51686585 0.48896373 0.47705166 0.40734096
 0.41353015 0.59951808 0.51213105 0.50411802 0.42332693 0.48380566
 0.37044924 0.47203214 0.5949597  0.42869918 0.43314781 0.47777251
 0.45139385 0.61364388 0.51987175 0.49019409 0.50311002 0.54268195
 0.59324053 0.51179515 0.43730223 0.4651846  0.46725055 0.52980352
 0.4577049  0.4684644  0.50064846 0.57503445 0.60055108 0.64277147
 0.57595194 0.51029004 0.56275242],[2, 39.65658967277782, 20.844926151182776, 39.686143622554155, 20.81969677790621, nan, nan, 1, 1, 1, 2, 2, 2, 1, 2, 2, 1, 1, 1, 2, 2, 1, 1, 1, 1, 2, 2, 2, 1, 1, 1, 1, 2, 1, 1, 1, 1, 2, 2, 1, 2, 2, 2, 2, 1, 1, 1, 2, 1, 1, 2, 2, 2, 2, 2, 2, 2]
7,[0.58856784 0.40540724 0.50044527 0.59019487 0.35413724 0.52222254
 0.4071719  0.26102993 0.39274642 0.37781138 0.54185615 0.51260206
 0.54231791 0.44726537 0.60313491 0.53831745 0.47241857 0.55642574
 0.44562817 0.52912752 0.46934827 0.48157252 0.44976228 0.46992054
 0.59642028 0.59815198 0.50762589 0.483059   0.42394211 0.43451976
 0.48589243 0.50692639 0.51706751 0.32454155 0.38884276 0.41882685
 0.5895917  0.53974389 0.62760022 0.4664924  0.53134845 0.45428343
 0.52349659 0.46499726 0.42263885 0.39710219 0.36383329 0.53103225
 0.41078373 0.25524053 0.41666699 0.42567009 0.6088552  0.64926049
 0.43125199 0.53639464 0.60654492],[2, 39.66127956565509, 20.850388527144908, 39.68906534124425, 20.82573600479229, nan, nan, 1, 1, 1, 2, 2, 2, 1, 2, 2, 1, 2, 1, 2, 1, 1, 1, 1, 2, 2, 2, 1, 1, 1, 1, 2, 2, 1, 1, 1, 2, 2, 2, 1, 2, 1, 2, 1, 1, 1, 1, 2, 1, 1, 1, 1, 2, 2, 1, 2, 2]
8,[0.45852226 0.29270091 0.50586404 0.53805475 0.3796886  0.51109958
 0.50907244 0.48502105 0.44608924 0.70539508 0.50009996 0.39976161
 0.53618854 0.46813836 0.5874037  0.5764255  0.42175248 0.51339102
 0.55773757 0.56319008 0.51332549 0.38425366 0.51233326 0.49762279
 0.35916357 0.52307482 0.54494072 0.48299456 0.50494283 0.5506548
 0.49040353 0.40350144 0.59902531 0.40768388 0.48235951 0.47802563
 0.5625277  0.49866554 0.55258998 0.51899382 0.50168952 0.60240101
 0.57909849 0.43555532 0.53371084 0.43003152 0.51793659 0.55923064
 0.42151142 0.4591592  0.46097641 0.43951142 0.65855575 0.53277353
 0.37799018 0.67688057 0.67951966],[2, 39.64433236504735, 20.85130157536964, 39.681225240852854, 20.830041342107968, nan, nan, 1, 1, 2, 2, 1, 2, 1, 2, 2, 1, 2, 2, 2, 2, 1, 2, 1, 1, 2, 2, 1, 2, 2, 1, 1, 2, 1, 1, 1, 2, 1, 2, 2, 2, 2, 2, 1, 2, 1, 2, 2, 1, 1, 1, 1, 2, 2, 1, 2, 2]
9,[0.38100697 0.39390912 0.4925661  0.5327531  0.36838354 0.3983445
 0.54080938 0.45112304 0.41915085 0.43341497 0.58377124 0.41226003
 0.46618261 0.41822718 0.54511816 0.51619114 0.46957465 0.54450787
 0.51546035 0.57035968 0.47178919 0.40589836 0.53953073 0.48941318
 0.48000906 0.54843263 0.44074098 0.46697451 0.4715146  0.41781172
 0.70009536 0.49725877 0.42319167 0.46077355 0.43603677 0.41069325
 0.52648356 0.50508017 0.61449617 0.49981068 0.54764265 0.49774277
 0.62031835 0.395662   0.54717394 0.50305364 0.57510601 0.42100875
 0.50684298 0.40757565 0.52420862 0.37469136 0.71304918 0.53285355
 0.52286045 0.54831265 0.6208732 ],[2, 39.65955063893857, 20.849060906676783, 39.68042805189446, 20.82813646944142, nan, nan, 1, 1, 1, 2, 1, 1, 1, 2, 2, 1, 2, 2, 2, 1, 1, 2, 1, 1, 2, 1, 1, 1, 1, 2, 1, 1, 1, 1, 1, 2, 2, 2, 1, 2, 1, 2, 1, 2, 2, 2, 1, 2, 1, 2, 1, 2, 2, 2, 2, 2]
10,[0.4236027  0.5281447  0.42062583 0.27873941 0.41185279 0.43669583
 0.41614257 0.52091135 0.54218705 0.63230018 0.41057078 0.51134634
 0.40933699 0.59554292 0.50944669 0.46915597 0.50516239 0.37194747
 0.48454058 0.43918473 0.5017482  0.54504332 0.4708895  0.57860714
 0.49722131 0.45128774 0.59341409 0.54754613 0.5727674  0.55216882
 0.41683993 0.49273194 0.43253409 0.54755589 0.50818196 0.54824366
 0.52975686 0.46097629 0.48212659 0.5450333  0.41870759 0.46700125
 0.48821421 0.55157054 0.5446232  0.5016637  0.56399807 0.4727476
 0.49744975 0.52339994 0.60824581 0.49526313 0.47227533 0.44905905
 0.49696538 0.58186883 0.40854283],[2, 39.679735106059645, 20.83693915929424, 39.64223302942826, 20.835460924829814, nan, nan, 2, 2, 2, 1, 2, 1, 2, 2, 1, 2, 1, 1, 1, 2, 2, 1, 2, 1, 1, 2, 2, 2, 2, 1, 1, 1, 2, 2, 2, 2, 1, 1, 2, 1, 1, 1, 2, 2, 2, 2, 1, 1, 2, 2, 1, 1, 1, 1, 2, 1]
11,[0.36413729 0.41798275 0.49498334 0.56902226 0.37939889 0.53078059
 0.50451352 0.27394705 0.48221556 0.45902336 0.55039836 0.51264131
 0.54899582 0.46697666 0.57061333 0.50624524 0.45819221 0.50612943
 0.53495537 0.50007483 0.50210014 0.45883144 0.36031668 0.51158634
 0.35856881 0.5305477  0.44724013 0.30981664 0.51277831 0.4027191
 0.4016194  0.40609677 0.53155107 0.43623672 0.36936356 0.47866996
 0.48136745 0.60206154 0.53330047 0.44813977 0.51839105 0.55279137
 0.55430608 0.36235066 0.48079004 0.2872357  0.49466706 0.47416772
 0.46676802 0.50188859 0.49875743 0.45056322 0.52984872 0.50710405
 0.49876728 0.53769311 0.51094151],[2, 39.66317049487821, 20.84946820628935, 39.68588170176505, 20.829992526757593, nan, nan, 1, 1, 1, 2, 2, 2, 1, 2, 2, 1, 2, 2, 2, 2, 1, 1, 2, 1, 2, 1, 1, 2, 1, 1, 1, 2, 1, 1, 1, 1, 2, 2, 1, 2, 2, 2, 1, 1, 1, 1, 1, 1, 2, 1, 1, 2, 2, 1, 2, 2]
12,[0.50490791 0.60153105 0.29997923 0.41534598 0.47809067 0.51339431
 0.49472758 0.62326546 0.54477351 0.52160461 0.51737873 0.48771119
 0.47724312 0.55993095 0.38193871 0.43425256 0.5049234  0.49084797
 0.62548689 0.37753483 0.56405133 0.54162176 0.52189465 0.49107842
 0.57765907 0.42781122 0.58664442 0.56442565 0.62647405 0.56316658
 0.57205899 0.52024541 0.37116857 0.50862079 0.54313748 0.60406909
 0.51700353 0.50757703 0.45794597 0.55051822 0.42908937 0.50553177
 0.40254845 0.57323563 0.63845656 0.50086435 0.49193697 0.49119297
 0.54039636 0.614351   0.584468   0.54296447 0.41087616 0.49577756
 0.61338084 0.47431772 0.40590674],[2, 39.690769918001315, 20.816610520695242, 39.662774013632784, 20.846621834158643, nan, nan, 2, 2, 2, 2, 1, 1, 2, 1, 1, 2, 1, 2, 1, 2, 2, 2, 1, 2, 1, 2, 2, 2, 2, 2, 2, 1, 2, 2, 2, 2, 2, 1, 2, 1, 2, 1, 2, 2, 2, 1, 1, 2, 2, 2, 2, 1, 1, 2, 1, 1]
13,[0.55223536 0.39870493 0.50067184 0.50702027 0.33403045 0.57553234
 0.44913275 0.47679676 0.46631244 0.48557344 0.44892325 0.45248108
 0.50871606 0.47855384 0.5049361  0.62175124 0.48758944 0.52653891
 0.52124488 0.67910491 0.395481   0.49818944 0.41947087 0.67033897
 0.39603756 0.66388483 0.44849777 0.55987786 0.4794141  0.41827128
 0.45248703 0.40315937 0.58039417 0.39740069 0.50171548 0.38476694
 0.61064478 0.60887063 0.51220879 0.58818493 0.49863371 0.62855896
 0.61534524 0.48540663 0.66847247 0.35157599 0.54330818 0.48247717
 0.34332177 0.39006325 0.60473624 0.61806099 0.55128579 0.36512989
 0.45047114 0.56088874 0.52594459],[2, 39.660271766192885, 20.850426703142375, 39.67655871031191, 20.822348062768796, nan, nan, 1, 1, 1, 1, 1, 2, 1, 2, 2, 1, 2, 2, 2, 1, 1, 1, 2, 1, 2, 1, 2, 1, 1, 1, 1, 2, 1, 2, 1, 2, 2, 2, 2, 1, 2, 2, 1, 2, 1, 2, 1, 1, 1, 2, 2, 2, 1, 1, 2, 2]
14,[0.5203055  0.39900469 0.49038098 0.52028817 0.3488531  0.50995617
 0.66205583 0.42611051 0.36415687 0.4305809  0.50218283 0.49899809
 0.65253692 0.41580624 0.55863145 0.56193704 0.51805227 0.52364974
 0.43821244 0.60420628 0.50592902 0.49734108 0.62341677 0.54399405
 0.50013111 0.55001641 0.48631564 0.42714629 0.50636941 0.4745874
 0.38286824 0.48947163 0.50040127 0.46679992 0.49425414 0.43819784
 0.28087039 0.53917574 0.56561073 0.53132663 0.52387054 0.55177344
 0.59141188 0.38768718 0.41733626 0.38706769 0.4031933  0.50353498
 0.37028437 0.43612434 0.47270277 0.33541596 0.54447893 0.53793658
 0.59453981 0.51496881 0.4991932 ],[2, 39.66031683955664, 20.848692720243893, 39.678553751278116, 20.824845639686703, nan, nan, 1, 1, 1, 2, 1, 2, 1, 2, 2, 2, 2, 1, 2, 2, 1, 2, 2, 2, 2, 1, 1, 2, 1, 1, 1, 2, 1, 1, 1, 1, 2, 2, 2, 2, 2, 2, 1, 1, 1, 1, 2, 1, 1, 1, 1, 2, 2, 2, 2, 1]
15,[0.43641625 0.38808695 0.46741193 0.60780467 0.30834801 0.45515245
 0.5090571  0.36815339 0.39504813 0.49139305 0.50197831 0.46429503
 0.58691075 0.51007038 0.55269382 0.55573449 0.39787946 0.64344125
 0.48486167 0.53626673 0.48596533 0.50338942 0.56936347 0.46616603
 0.47563608 0.4382347  0.43845768 0.58825343 0.48038856 0.465475
 0.4696253  0.51125228 0.54225072 0.47264071 0.45076692 0.49400195
 0.61570194 0.65635144 0.55064616 0.39142694 0.52607197 0.51338228
 0.59583517 0.47192546 0.49075726 0.41538069 0.41913159 0.43049812
 0.42537633 0.48006329 0.56515097 0.46165229 0.60497299 0.59612979
 0.5065687  0.49749365 0.6017269 ],[2, 39.65867518230384, 20.84482249483296, 39.69171325725062, 20.818020637721236, nan, nan, 1, 1, 1, 2, 1, 2, 2, 2, 2, 1, 2, 1, 2, 1, 2, 2, 1, 1, 1, 1, 2, 1, 1, 1, 2, 2, 1, 1, 1, 2, 2, 2, 1, 2, 2, 2, 1, 1, 1, 1, 1, 1, 1, 2, 1, 2, 2, 2, 1, 2]
16,[0.46602688 0.53678623 0.39173632 0.29331402 0.43796699 0.4052832
 0.56536518 0.54313195 0.52858376 0.51152    0.4163613  0.56197573
 0.36117188 0.60016404 0.49791278 0.48531147 0.62204724 0.41423585
 0.52300095 0.48162901 0.5725624  0.50570321 0.48450805 0.50822376
 0.54841284 0.39863932 0.54448919 0.54388283 0.51233407 0.53941742
 0.40993218 0.41366995 0.41471747 0.51567426 0.44475637 0.53187677
 0.53857809 0.49504566 0.46523745 0.54790106 0.31434762 0.46149289
 0.47618595 0.54690154 0.58519127 0.48551449 0.51582165 0.42862939
 0.6280238  0.53539961 0.48849667 0.57430944 0.39238151 0.17669178
 0.47482369 0.44670165 0.50622969],[2, 39.681034498994734, 20.83207135204858, 39.6444245562735, 20.839861099553463, nan, nan, 2, 2, 2, 1, 2, 1, 2, 1, 1, 2, 1, 2, 1, 2, 2, 1, 2, 2, 1, 2, 2, 2, 2, 1, 1, 1, 2, 1, 2, 2, 1, 1, 2, 1, 1, 1, 2, 2, 1, 2, 1, 2, 2, 1, 2, 1, 1, 1, 1, 2]
17,[0.52269725 0.57770739 0.29697204 0.35902969 0.45271614 0.55162843
 0.45761183 0.64285692 0.52823242 0.61184744 0.4115796  0.5099515
 0.43900791 0.50909543 0.46920468 0.47188774 0.60396574 0.46906842
 0.39977221 0.45056582 0.67819189 0.55880782 0.60587764 0.55764021
 0.50553168 0.45936147 0.53384124 0.53951092 0.56321616 0.51942035
 0.45159336 0.56954856 0.37460743 0.54177315 0.60902766 0.53396674
 0.4189049  0.52967522 0.4671621  0.54489288 0.36392054 0.55015547
 0.43516529 0.53601344 0.55040021 0.6203058  0.60434351 0.4471648
 0.54130226 0.55701788 0.42367407 0.53176702 0.48486564 0.43028831
 0.68904505 0.43734875 0.48765527],[2, 39.68718765004177, 20.816103817304825, 39.654305958898355, 20.84234629236095, nan, nan, 2, 2, 2, 1, 2, 1, 2, 1, 1, 2, 1, 1, 1, 2, 2, 2, 2, 2, 1, 2, 2, 2, 2, 1, 2, 1, 2, 2, 2, 1, 2, 1, 2, 1, 2, 1, 2, 2, 2, 2, 1, 2, 2, 1, 2, 1, 1, 2, 1, 1]
18,[0.55189869 0.30777407 0.43463952 0.54249141 0.35516607 0.45604463
 0.43754156 0.44406559 0.48792762 0.39402412 0.60099171 0.38070633
 0.59042816 0.47907974 0.57220406 0.48759375 0.37436515 0.51771871
 0.51912683 0.51773959 0.49446462 0.4692282  0.53634094 0.50095874
 0.46076714 0.58327599 0.48539128 0.51154222 0.37627339 0.5147826
 0.45996764 0.72761363 0.51518086 0.48569284 0.43860283 0.45761511
 0.5594228  0.54115329 0.56962267 0.46251803 0.53065634 0.52001753
 0.54676764 0.37946037 0.45859645 0.46212547 0.43815541 0.4523567
 0.416082   0.45616754 0.46256465 0.44031946 0.58479857 0.51423603
 0.60571145 0.56507472 0.58042502],[2, 39.646598855545705, 20.839300428409107, 39.68189236286442, 20.82590935892872, nan, nan, 1, 1, 1, 2, 1, 2, 1, 2, 1, 1, 2, 2, 2, 1, 1, 2, 2, 1, 2, 1, 2, 1, 2, 1, 2, 2, 1, 1, 1, 2, 2, 2, 1, 2, 2, 2, 1, 1, 1, 1, 1, 1, 1, 1, 1, 2, 2, 2, 2, 2]
19,[0.49373953 0.46822566 0.46473164 0.42233544 0.37335225 0.44983597
 0.52470918 0.51764367 0.39092145 0.49734586 0.49446384 0.48940685
 0.42800517 0.47510801 0.59526707 0.52407332 0.50660397 0.54881902
 0.4831565  0.44796999 0.48459084 0.44520341 0.3984345  0.53934905
 0.40417233 0.53743494 0.44324488 0.51766939 0.54936181 0.49093568
 0.48307742 0.47589719 0.55164837 0.4962191  0.50711049 0.57027398
 0.56396595 0.50795015 0.39464765 0.56402346 0.40991054 0.52400639
 0.58989156 0.52260228 0.5937687  0.50220542 0.57790915 0.48057445
 0.58599118 0.48324408 0.56642173 0.52181348 0.52671125 0.51063595
 0.39342959 0.45350409 0.45366247],[2, 39.670725319585685, 20.844370873438358, 39.66382499139613, 20.82897368293635, nan, nan, 2, 1, 1, 1, 1, 1, 1, 2, 2, 2, 2, 1, 1, 1, 1, 1, 2, 1, 2, 1, 2, 2, 1, 1, 1, 2, 1, 2, 2, 2, 2, 1, 2, 1, 2, 2, 2, 2, 2, 2, 1, 2, 1, 2, 2, 2, 2, 1, 1, 1]
20,[0.4093592  0.35516645 0.32271001 0.4639145  0.47155441 0.50842601
 0.55750105 0.39897316 0.44984358 0.51152138 0.6184159  0.48849181
 0.5105938  0.4499618  0.48295031 0.48925229 0.46319228 0.58023103
 0.55729512 0.53015235 0.59793173 0.41654141 0.53542928 0.46711923
 0.61638675 0.59305262 0.49165881 0.48065383 0.39739598 0.69257631
 0.5163077  0.56839118 0.32797137 0.57838485 0.60906951 0.43734953
 0.43416148 0.5333263  0.5211992  0.41092736 0.68835554 0.47254651
 0.55191775 0.55722049 0.32253559 0.51343958 0.44043462 0.50809565
 0.37210936 0.68756746 0.43080606 0.38970792 0.53456561 0.49762572
 0.51919549 0.35699829 0.63166819],[2, 39.65372505857351, 20.82044059797862, 39.67007706704909, 20.845520491334366, nan, nan, 1, 1, 2, 2, 1, 2, 1, 1, 1, 1, 2, 2, 2, 2, 1, 2, 1, 2, 2, 1, 1, 1, 2, 2, 2, 1, 2, 2, 1, 1, 2, 2, 1, 2, 1, 2, 2, 1, 2, 1, 2, 1, 2, 1, 1, 2, 1, 2, 1, 2]
21,[0.6194097  0.53439762 0.42409443 0.28739985 0.4102674  0.51253123
 0.39090698 0.59784039 0.56607478 0.5456595  0.42267087 0.57635005
 0.48691351 0.50099515 0.50362458 0.41828169 0.50006078 0.45529416
 0.48569701 0.47038897 0.44550589 0.518862   0.49596587 0.53679925
 0.42936912 0.50906096 0.52160979 0.56095487 0.64225016 0.46307295
 0.52993451 0.43699747 0.46638985 0.46398813 0.52267097 0.52576618
 0.52367347 0.48054069 0.42460852 0.49458106 0.4571399  0.49501147
 0.36620559 0.58945982 0.54305901 0.48624543 0.55326958 0.48367925
 0.66812502 0.48888399 0.55029102 0.49690959 0.50424698 0.47321742
 0.49483811 0.48355733 0.45380408],[2, 39.68067533313202, 20.837523608676843, 39.643535265854325, 20.835193790238606, nan, nan, 2, 2, 2, 1, 2, 1, 2, 2, 1, 2, 1, 1, 1, 1, 2, 1, 2, 1, 2, 2, 2, 2, 1, 2, 1, 1, 1, 2, 2, 2, 1, 1, 1, 1, 1, 1, 2, 2, 1, 2, 1, 2, 1, 2, 1, 2, 1, 1, 1, 1]
22,[0.37767307 0.36730041 0.5075144  0.51238339 0.36616603 0.43903678
 0.53284806 0.48232238 0.48002172 0.39866331 0.55966736 0.38084961
 0.60448466 0.49496472 0.49090349 0.59195566 0.43434316 0.63193321
 0.61079926 0.56813662 0.39248561 0.41485058 0.42449019 0.74473827
 0.62203865 0.50660407 0.40122506 0.40863864 0.49658172 0.56259435
 0.4924676  0.57715009 0.49673739 0.38751229 0.50913507 0.41820789
 0.585091   0.48877902 0.56997107 0.53819874 0.49542746 0.55851722
 0.59177437 0.48774421 0.44777807 0.51626743 0.52372853 0.55797349
 0.38980603 0.46243426 0.55289722 0.41156146 0.54740672 0.60967361
 0.45414752 0.50411935 0.49319542],[2, 39.655549593065004, 20.85157965651694, 39.67736514105152, 20.827762824164456, nan, nan, 1, 1, 1, 2, 1, 2, 1, 1, 2, 1, 2, 2, 2, 1, 1, 1, 2, 2, 2, 1, 1, 1, 2, 1, 2, 1, 1, 2, 1, 2, 1, 2, 2, 1, 2, 2, 1, 1, 2, 2, 2, 1, 1, 2, 1, 2, 2, 1, 2, 1]
23,[0.44401207 0.60574626 0.30988637 0.39679266 0.47120518 0.5426118
 0.65641461 0.60427506 0.62949286 0.51781707 0.49121771 0.53076176
 0.42503211 0.54543013 0.4020447  0.46161478 0.51703099 0.47502332
 0.61022625 0.47563485 0.56333059 0.55768224 0.58430191 0.54001578
 0.52550486 0.64362678 0.55019271 0.50066289 0.50811216 0.57233472
 0.51362329 0.50332966 0.4921558  0.52040108 0.58574198 0.53412842
 0.43250523 0.58429413 0.37386269 0.49516681 0.53930811 0.47094501
 0.4683448  0.58486257 0.56488285 0.50650395 0.47411872 0.50623743
 0.52695562 0.5777422  0.61429575 0.55006634 0.52021403 0.53624869
 0.5889368  0.5353299  0.4797032 ],[2, 39.69140374233676, 20.818279847320294, 39.65998422507211, 20.845461647324687, nan, nan, 2, 2, 2, 1, 2, 1, 2, 1, 1, 2, 1, 2, 1, 2, 2, 2, 2, 2, 2, 2, 2, 2, 2, 2, 2, 1, 2, 2, 2, 1, 2, 1, 1, 2, 1, 1, 2, 2, 2, 1, 2, 2, 2, 2, 2, 2, 2, 2, 2, 1]
24,[0.49343582 0.45823568 0.44615975 0.32516238 0.37770588 0.51215312
 0.50556882 0.51873105 0.4293916  0.54826985 0.42100788 0.46846622
 0.4273458  0.41346744 0.39347091 0.6875878  0.61424978 0.48183801
 0.4560752  0.40171058 0.4006134  0.51411872 0.46535085 0.5744129
 0.41691221 0.44451338 0.54759754 0.52359048 0.48895336 0.57435661
 0.46369848 0.46534254 0.44702953 0.49266204 0.52130817 0.62864121
 0.56109084 0.33615405 0.46717901 0.75608728 0.52873351 0.34702627
 0.48640221 0.50672709 0.52261563 0.44326576 0.57583861 0.26918277
 0.62594045 0.47360414 0.44188762 0.34494786 0.51047028 0.39552154
 0.45932461 0.47520645 0.4175052 ],[2, 39.66922316647649, 20.84124155825064, 39.64921346710601, 20.82970725824262, nan, nan, 2, 1, 2, 1, 1, 1, 1, 1, 2, 2, 1, 1, 1, 1, 2, 1, 2, 1, 1, 2, 2, 1, 2, 1, 1, 1, 1, 2, 2, 2, 1, 1, 2, 2, 1, 1, 2, 2, 1, 2, 1, 2, 1, 1, 1, 2, 1, 1, 1, 1]
25,[0.58942374 0.39967953 0.49723149 0.5701736  0.35635241 0.55719309
 0.47065163 0.45208807 0.50906815 0.49791519 0.46320166 0.4305486
 0.56837294 0.40978845 0.54186088 0.55721382 0.64477368 0.53129536
 0.49365917 0.53564702 0.49833919 0.36088273 0.38108401 0.52756892
 0.43374281 0.54832645 0.44150764 0.44383841 0.48521625 0.490813
 0.47216431 0.37523441 0.53233173 0.52991324 0.46840085 0.48312179
 0.57156904 0.49281576 0.57089008 0.5997032  0.59036007 0.51217237
 0.57897287 0.3530723  0.44898008 0.4980832  0.53034154 0.42566316
 0.43221015 0.36699184 0.4864697  0.39550167 0.55923597 0.38419985
 0.4566923  0.52975747 0.49843888],[2, 39.66041831274315, 20.849847012578497, 39.68605482386278, 20.82610925482014, nan, nan, 1, 2, 1, 1, 1, 2, 1, 2, 2, 2, 2, 1, 2, 1, 1, 1, 2, 1, 2, 1, 1, 1, 1, 1, 1, 2, 2, 1, 1, 2, 1, 2, 2, 2, 2, 2, 1, 1, 1, 2, 1, 1, 1, 1, 1, 2, 1, 1, 2, 1]
