1,[0.57744301 0.06511739 0.54461767 0.47949202 0.41985563 1.
 1.         1.         1.         1.         1.         0.
 1.         1.         1.         1.         1.         1.
 1.         1.         0.9999998  0.         1.         1.
 1.         1.         0.2538473  0.07671597 1.         1.
 1.         1.         1.         1.         1.         0.
 1.         1.         1.         1.         1.         1.
 1.         0.         1.         1.         1.         1.
 0.         0.49256244 1.         0.19240545 1.         1.
 1.         1.         1.        ],[2, 39.61011154219557, 20.857831461613724, 39.67241939712658, 20.8368093819478, nan, nan, 2, 2, 2, 2, 1, 2, 2, 2, 2, 2, 2, 2, 2, 2, 1, 2, 2, 2, 2, 1, 1, 2, 2, 2, 2, 2, 2, 2, 1, 2, 2, 2, 2, 2, 2, 2, 1, 2, 2, 2, 2, 1, 1, 2, 1, 2, 2, 2, 2, 2]
2,[0.36388379 0.69000924 0.1985587  0.41202965 0.45836804 1.
 1.         1.         1.         1.         1.         1.
 0.18492103 1.         1.         0.01803355 1.         0.04554558
 1.         0.05376565 1.         1.         1.         1.
 1.         0.         1.         1.         1.         1.
 1.         1.         0.         1.         1.         0.99995488
 1.         1.         1.         1.         1.         0.01025163
 0.01169272 1.         1.         1.         1.         1.
 1.         1.         1.         1.         0.2610002  1.
 1.         1.         1.        ],[2, 39.70407402882646, 20.799521425273905, 39.66227534987595, 20.843298623810604, nan, nan, 2, 2, 2, 2, 2, 1, 2, 2, 1, 2, 1, 2, 1, 2, 2, 2, 2, 2, 1, 2, 2, 2, 2, 2, 2, 1, 2, 2, 2, 2, 2, 2, 2, 2, 1, 1, 2, 2, 2, 2, 2, 2, 2, 2, 2, 1, 2, 2, 2, 2]
3,[0.52179358 0.64181693 0.26912412 0.40942636 0.46219703 1.
 1.         1.         0.99998841 1.         1.         1.
 0.28423741 1.         0.09484391 0.08356271 1.         0.
 1.         0.17594344 1.         1.         1.         1.
 1.         1.         1.         1.         1.         1.
 1.         1.         1.         1.         1.         1.
 1.         1.         1.         1.         0.33141527 0.00333549
 0.05865539 1.         1.         1.         1.         1.
 1.         1.         1.         1.         1.         1.
 1.         0.         0.27188308],[2, 39.696827545214404, 20.811411514581774, 39.66188390339501, 20.843943797582387, nan, nan, 2, 2, 2, 2, 2, 1, 2, 1, 1, 2, 1, 2, 1, 2, 2, 2, 2, 2, 2, 2, 2, 2, 2, 2, 2, 2, 2, 2, 2, 2, 2, 2, 2, 1, 1, 1, 2, 2, 2, 2, 2, 2, 2, 2, 2, 2, 2, 2, 1, 1]
4,[4.16014183e-01 7.67675995e-02 5.42662597e-01 4.84666124e-01
 4.16057912e-01 1.00000000e+00 1.00000000e+00 0.00000000e+00
 0.00000000e+00 1.00000000e+00 1.00000000e+00 2.04056006e-01
 1.00000000e+00 1.00000000e+00 1.00000000e+00 1.00000000e+00
 1.00000000e+00 1.00000000e+00 9.99999999e-01 1.00000000e+00
 1.00000000e+00 0.00000000e+00 1.00000000e+00 1.00000000e+00
 1.00000000e+00 1.00000000e+00 2.76639943e-02 1.82106068e-01
 1.00000000e+00 1.00000000e+00 1.00000000e+00 1.00000000e+00
 1.00000000e+00 1.00000000e+00 1.00000000e+00 2.75183656e-04
 1.00000000e+00 1.00000000e+00 1.00000000e+00 1.00000000e+00
 1.00000000e+00 1.00000000e+00 1.00000000e+00 4.13881658e-02
 1.00000000e+00 1.00000000e+00 1.00000000e+00 1.00000000e+00
 1.00000000e+00 0.00000000e+00 1.00000000e+00 2.07291480e-03
 1.00000000e+00 1.00000000e+00 1.00000000e+00 1.00000000e+00
 1.00000000e+00],[2, 39.611863336866946, 20.857502036627157, 39.673197406359314, 20.836169476393884, nan, nan, 1, 1, 2, 2, 1, 2, 2, 2, 2, 2, 2, 2, 2, 2, 1, 2, 2, 2, 2, 1, 1, 2, 2, 2, 2, 2, 2, 2, 1, 2, 2, 2, 2, 2, 2, 2, 1, 2, 2, 2, 2, 2, 1, 2, 1, 2, 2, 2, 2, 2]
5,[0.59516096 0.71401027 0.16697237 0.4102127  0.46260911 1.
 1.         1.         1.         1.         1.         1.
 0.0353529  1.         0.         1.         1.         1.
 1.         0.17897167 1.         1.         1.         1.
 0.99999999 0.         1.         1.         1.         1.
 1.         1.         0.26650544 1.         1.         1.
 1.         1.         1.         1.         0.17999787 0.
 0.         1.         1.         1.         1.         0.99999755
 1.         1.         1.         1.         0.07341874 1.
 1.         0.01923736 1.        ],[2, 39.70768296772568, 20.79419920970847, 39.66200214356999, 20.8440132322448, nan, nan, 2, 2, 2, 2, 2, 1, 2, 1, 2, 2, 2, 2, 1, 2, 2, 2, 2, 2, 1, 2, 2, 2, 2, 2, 2, 1, 2, 2, 2, 2, 2, 2, 2, 1, 1, 1, 2, 2, 2, 2, 2, 2, 2, 2, 2, 1, 2, 2, 1, 2]
6,[3.78495806e-01 6.61592092e-02 5.44513142e-01 4.90690233e-01
 4.13419493e-01 1.00000000e+00 9.99997580e-01 9.07575545e-02
 1.91902776e-02 1.00000000e+00 1.00000000e+00 1.34539113e-01
 1.00000000e+00 1.00000000e+00 1.00000000e+00 1.00000000e+00
 1.00000000e+00 1.00000000e+00 1.00000000e+00 1.00000000e+00
 1.00000000e+00 1.61677906e-01 1.00000000e+00 1.00000000e+00
 1.00000000e+00 1.00000000e+00 4.41463181e-01 3.32986606e-01
 1.00000000e+00 1.00000000e+00 1.00000000e+00 1.00000000e+00
 1.00000000e+00 1.00000000e+00 1.00000000e+00 0.00000000e+00
 1.00000000e+00 1.00000000e+00 1.00000000e+00 1.00000000e+00
 1.00000000e+00 1.00000000e+00 1.00000000e+00 2.59012987e-05
 1.00000000e+00 1.00000000e+00 1.00000000e+00 1.00000000e+00
 0.00000000e+00 9.68712339e-02 1.00000000e+00 4.53663592e-01
 1.00000000e+00 1.00000000e+00 1.00000000e+00 1.00000000e+00
 1.00000000e+00],[2, 39.610268195644174, 20.8578138486484, 39.6741032276245, 20.83572490976308, nan, nan, 1, 1, 2, 2, 1, 2, 2, 2, 2, 2, 2, 2, 2, 2, 1, 2, 2, 2, 2, 1, 1, 2, 2, 2, 2, 2, 2, 2, 1, 2, 2, 2, 2, 2, 2, 2, 1, 2, 2, 2, 2, 1, 1, 2, 1, 2, 2, 2, 2, 2]
7,[0.44339557 0.42367776 0.5019851  0.49447785 0.32765811 1.
 1.         1.         0.18373401 0.08298494 0.21445489 0.40402669
 1.         0.         1.         1.         1.         1.
 0.0085468  1.         1.         1.         0.         1.
 0.         1.         0.         0.34367512 1.         0.23100589
 0.05487986 0.21403362 1.         0.15029864 0.26173701 0.
 1.         0.40292943 1.         1.         1.         1.
 1.         0.13672805 1.         0.24005814 1.         1.
 0.00776988 1.         1.         1.         1.         1.
 0.         1.         1.        ],[2, 39.66402682981608, 20.850647984580004, 39.67467275704878, 20.821274339998592, nan, nan, 2, 1, 1, 1, 1, 2, 1, 2, 2, 2, 2, 1, 2, 2, 2, 1, 2, 1, 2, 1, 1, 2, 1, 1, 1, 2, 1, 1, 1, 2, 1, 2, 2, 2, 2, 2, 1, 2, 1, 2, 2, 1, 2, 2, 2, 2, 2, 1, 2, 2]
8,[3.53064031e-01 7.13237656e-01 1.71162688e-01 4.07723133e-01
 4.61269983e-01 1.00000000e+00 1.00000000e+00 1.00000000e+00
 1.00000000e+00 1.00000000e+00 1.00000000e+00 1.00000000e+00
 1.00000000e+00 1.00000000e+00 2.80026484e-04 4.32329539e-01
 1.00000000e+00 1.57896632e-01 1.00000000e+00 2.42650771e-01
 1.00000000e+00 1.00000000e+00 1.00000000e+00 1.00000000e+00
 1.00000000e+00 3.26031217e-01 1.00000000e+00 1.00000000e+00
 1.00000000e+00 1.00000000e+00 1.00000000e+00 1.00000000e+00
 0.00000000e+00 1.00000000e+00 1.00000000e+00 1.00000000e+00
 1.00000000e+00 1.00000000e+00 1.00000000e+00 1.00000000e+00
 3.36353507e-02 2.45976082e-02 5.47096774e-02 1.00000000e+00
 1.00000000e+00 1.00000000e+00 1.00000000e+00 1.00000000e+00
 1.00000000e+00 1.00000000e+00 1.00000000e+00 1.00000000e+00
 2.30388638e-03 1.00000000e+00 1.00000000e+00 1.00000000e+00
 1.00000000e+00],[2, 39.707566793373864, 20.79490526792388, 39.66162779657761, 20.84378759290841, nan, nan, 2, 2, 2, 2, 2, 2, 2, 1, 1, 2, 1, 2, 1, 2, 2, 2, 2, 2, 1, 2, 2, 2, 2, 2, 2, 1, 2, 2, 2, 2, 2, 2, 2, 1, 1, 1, 2, 2, 2, 2, 2, 2, 2, 2, 2, 1, 2, 2, 2, 2]
9,[0.46831129 0.70885602 0.16495899 0.41011055 0.46259109 1.
 1.         0.99999986 1.         1.         1.         1.
 1.         1.         0.17048862 0.16210417 1.         0.01383241
 1.         0.16074604 1.         1.         1.         1.
 1.         0.24427407 1.         1.         1.         1.
 1.         1.         0.39249956 1.         1.         1.
 1.         1.         1.         1.         1.         0.07922248
 0.08353903 1.         1.         1.         1.         1.
 1.         1.         1.         1.         0.11300173 1.
 1.         0.23331291 1.        ],[2, 39.706907944115315, 20.793859960823085, 39.66198678290953, 20.844010196729343, nan, nan, 2, 2, 2, 2, 2, 2, 2, 1, 1, 2, 1, 2, 1, 2, 2, 2, 2, 2, 1, 2, 2, 2, 2, 2, 2, 1, 2, 2, 2, 2, 2, 2, 2, 2, 1, 1, 2, 2, 2, 2, 2, 2, 2, 2, 2, 1, 2, 2, 1, 2]
10,[0.53745658 0.71637473 0.18637498 0.40715394 0.46084789 1.
 1.         1.         1.         1.         0.99999989 1.
 0.1127844  1.         0.         0.         1.         0.00246885
 1.         0.14339842 1.         1.         1.         1.
 1.         1.         1.         1.         1.         1.
 1.         0.99999959 0.         1.         1.         1.
 1.         1.         1.         1.         0.03970646 0.03162442
 0.         1.         1.         1.         1.         1.
 1.         1.         1.         1.         0.17838868 1.
 1.         1.         1.        ],[2, 39.70803850210671, 20.79746850019586, 39.6615422090518, 20.843716471514945, nan, nan, 2, 2, 2, 2, 2, 1, 2, 1, 1, 2, 1, 2, 1, 2, 2, 2, 2, 2, 2, 2, 2, 2, 2, 2, 2, 1, 2, 2, 2, 2, 2, 2, 2, 1, 1, 1, 2, 2, 2, 2, 2, 2, 2, 2, 2, 1, 2, 2, 2, 2]
11,[0.51280026 0.09595395 0.55843474 0.47390335 0.42101094 1.
 0.9999996  1.         0.03539931 0.99999992 1.         0.08127609
 1.         1.         0.99999876 0.99999817 0.99999941 0.99995793
 0.99996503 0.99989515 0.99999979 0.12097818 0.99999997 1.
 0.99999962 0.99999974 0.29024323 0.00874851 0.99999997 1.
 0.95877227 1.         0.99999931 1.         1.         0.0084331
 0.99999987 0.99998782 1.         0.99999996 1.         1.
 1.         1.         0.99999999 0.99999969 1.         0.99999995
 0.99994244 0.19574106 0.99999727 0.15738849 1.         0.99999761
 1.         1.         1.        ],[2, 39.61474831178048, 20.860159602408807, 39.67157905055993, 20.837004048839464, nan, nan, 2, 1, 2, 2, 1, 2, 2, 2, 2, 2, 2, 2, 2, 2, 1, 2, 2, 2, 2, 1, 1, 2, 2, 2, 2, 2, 2, 2, 1, 2, 2, 2, 2, 2, 2, 2, 2, 2, 2, 2, 2, 2, 1, 2, 1, 2, 2, 2, 2, 2]
12,[0.51076094 0.70029537 0.18356198 0.40817465 0.46183904 1.
 1.         1.         1.         1.         1.         1.
 0.07242729 1.         0.13160428 0.20557225 1.         0.16282304
 1.         0.29614323 1.         1.         1.         0.99999621
 1.         0.32518314 1.         1.         1.         1.
 1.         1.         0.00487926 1.         1.         1.
 1.         1.         1.         1.         0.06277888 0.
 0.01628506 1.         1.         1.         1.         1.
 1.         1.         1.         1.         1.         1.
 1.         1.         1.        ],[2, 39.70562071384154, 20.79699451588939, 39.661695689232495, 20.84388347731424, nan, nan, 2, 2, 2, 2, 2, 1, 2, 1, 1, 2, 1, 2, 1, 2, 2, 2, 2, 2, 1, 2, 2, 2, 2, 2, 2, 1, 2, 2, 2, 2, 2, 2, 2, 1, 1, 1, 2, 2, 2, 2, 2, 2, 2, 2, 2, 2, 2, 2, 2, 2]
13,[0.50084686 0.71612359 0.17340748 0.41213933 0.45858061 1.
 1.         1.         1.         1.         1.         1.
 0.02257435 1.         0.         0.22833346 1.         0.05472929
 1.         0.01944163 0.99999998 1.         1.         1.
 1.         1.         1.         1.         1.         1.
 1.         1.         0.05395527 1.         1.         1.
 1.         1.         1.         1.         0.01331794 1.
 0.01542097 1.         1.         1.         1.         1.
 1.         1.         1.         1.         0.06185715 1.
 1.         1.         1.        ],[2, 39.708000739398486, 20.795283509030938, 39.66229184218339, 20.843334441133873, nan, nan, 2, 2, 2, 2, 2, 1, 2, 1, 1, 2, 1, 2, 1, 2, 2, 2, 2, 2, 2, 2, 2, 2, 2, 2, 2, 1, 2, 2, 2, 2, 2, 2, 2, 1, 2, 1, 2, 2, 2, 2, 2, 2, 2, 2, 2, 1, 2, 2, 2, 2]
14,[4.68600059e-01 6.90075356e-01 1.81810485e-01 4.09499018e-01
 4.62081142e-01 1.00000000e+00 1.00000000e+00 1.00000000e+00
 1.00000000e+00 1.00000000e+00 1.00000000e+00 1.00000000e+00
 3.18514911e-01 1.00000000e+00 1.46649933e-01 2.14370340e-01
 1.00000000e+00 0.00000000e+00 1.00000000e+00 2.11964011e-02
 1.00000000e+00 1.00000000e+00 1.00000000e+00 1.00000000e+00
 1.00000000e+00 2.67971228e-01 1.00000000e+00 1.00000000e+00
 1.00000000e+00 1.00000000e+00 1.00000000e+00 1.00000000e+00
 9.38397151e-05 1.00000000e+00 1.00000000e+00 1.00000000e+00
 1.00000000e+00 1.00000000e+00 1.00000000e+00 1.00000000e+00
 1.00000000e+00 8.26428838e-02 1.00000000e+00 1.00000000e+00
 9.99999988e-01 1.00000000e+00 1.00000000e+00 1.00000000e+00
 1.00000000e+00 1.00000000e+00 9.99999998e-01 1.00000000e+00
 0.00000000e+00 1.00000000e+00 1.00000000e+00 0.00000000e+00
 1.00000000e+00],[2, 39.70408397097744, 20.79669939409928, 39.66189482934634, 20.843924271092945, nan, nan, 2, 2, 2, 2, 2, 1, 2, 1, 1, 2, 1, 2, 1, 2, 2, 2, 2, 2, 1, 2, 2, 2, 2, 2, 2, 1, 2, 2, 2, 2, 2, 2, 2, 2, 1, 2, 2, 2, 2, 2, 2, 2, 2, 2, 2, 1, 2, 2, 1, 2]
15,[0.39572835 0.06615683 0.54451305 0.49063691 0.41365214 1.
 1.         0.22089418 0.03063274 1.         1.         0.04392743
 1.         1.         1.         1.         1.         1.
 1.         1.         1.         0.00832718 1.         1.
 1.         1.         0.09397972 0.33977136 1.         1.
 1.         1.         1.         1.         1.         0.24013606
 1.         1.         1.         1.         1.         1.
 1.         0.         1.         1.         1.         1.
 0.22124934 0.12058898 1.         0.02549901 1.         1.
 1.         1.         1.        ],[2, 39.61026783723474, 20.85781383317497, 39.67409520923652, 20.835764109381273, nan, nan, 1, 1, 2, 2, 1, 2, 2, 2, 2, 2, 2, 2, 2, 2, 1, 2, 2, 2, 2, 1, 1, 2, 2, 2, 2, 2, 2, 2, 1, 2, 2, 2, 2, 2, 2, 2, 1, 2, 2, 2, 2, 1, 1, 2, 1, 2, 2, 2, 2, 2]
16,[0.43972442 0.71465706 0.16416849 0.41523921 0.46070397 1.
 1.         1.         1.         1.         0.99999999 1.
 1.         0.99999999 0.12281083 1.         1.         0.05109734
 1.         0.03119658 1.         1.         1.         1.
 1.         0.         1.         1.         1.         1.
 1.         1.         0.00266571 1.         1.         1.
 1.         1.         1.         1.         0.         1.
 0.00109549 1.         1.         0.99999996 1.         1.
 1.         1.         1.         1.         0.06050471 1.
 1.         0.         1.        ],[2, 39.707780223690584, 20.793726763386598, 39.66275795903665, 20.843692221428125, nan, nan, 2, 2, 2, 2, 2, 2, 2, 1, 2, 2, 1, 2, 1, 2, 2, 2, 2, 2, 1, 2, 2, 2, 2, 2, 2, 1, 2, 2, 2, 2, 2, 2, 2, 1, 2, 1, 2, 2, 2, 2, 2, 2, 2, 2, 2, 1, 2, 2, 1, 2]
17,[0.54668031 0.70331525 0.17021448 0.410842   0.46342914 1.
 0.99999992 1.         0.99999997 1.         0.99999999 1.
 0.00334768 0.99998053 0.17926447 0.1590438  1.         1.
 1.         0.         0.99983947 1.         1.         1.
 1.         0.11466736 1.         1.         1.         1.
 0.99999992 1.         0.         0.99981319 0.99999979 1.
 0.99999952 1.         1.         0.99999991 0.         0.12287506
 0.36385098 1.         1.         1.         0.99998613 0.99999995
 1.         1.         1.         1.         1.         1.
 1.         0.07847229 1.        ],[2, 39.70607480030404, 20.794745497564833, 39.662096767574994, 20.84415140580654, nan, nan, 2, 2, 2, 2, 2, 1, 2, 1, 1, 2, 2, 2, 1, 2, 2, 2, 2, 2, 1, 2, 2, 2, 2, 2, 2, 1, 2, 2, 2, 2, 2, 2, 2, 1, 1, 1, 2, 2, 2, 2, 2, 2, 2, 2, 2, 2, 2, 2, 1, 2]
18,[6.06401183e-01 6.14714802e-01 3.02929523e-01 3.68136788e-01
 4.55923129e-01 1.00000000e+00 1.00000000e+00 1.00000000e+00
 1.00000000e+00 1.00000000e+00 2.62765809e-01 1.00000000e+00
 2.96926266e-01 1.00000000e+00 4.85828283e-01 1.20642609e-01
 1.00000000e+00 0.00000000e+00 1.00000000e+00 1.00000000e+00
 3.99649704e-02 1.00000000e+00 1.00000000e+00 1.00000000e+00
 1.00000000e+00 0.00000000e+00 1.00000000e+00 1.00000000e+00
 1.00000000e+00 1.00000000e+00 1.00000000e+00 1.00000000e+00
 0.00000000e+00 1.00000000e+00 1.00000000e+00 1.00000000e+00
 1.00000000e+00 2.70429810e-02 0.00000000e+00 1.00000000e+00
 1.81619877e-06 2.38120686e-01 3.18378908e-01 1.00000000e+00
 1.00000000e+00 1.00000000e+00 1.00000000e+00 1.00000000e+00
 1.00000000e+00 1.00000000e+00 1.00000000e+00 1.00000000e+00
 4.73704892e-02 1.31867231e-01 1.00000000e+00 1.90160644e-01
 1.16565040e-01],[2, 39.69275230595852, 20.81710763704737, 39.6556753562788, 20.842886661814696, nan, nan, 2, 2, 2, 1, 2, 1, 2, 1, 1, 2, 1, 2, 2, 1, 2, 2, 2, 2, 1, 2, 2, 2, 2, 2, 2, 1, 2, 2, 2, 2, 1, 1, 2, 1, 1, 1, 2, 2, 2, 2, 2, 2, 2, 2, 2, 1, 1, 2, 1, 1]
19,[4.54264958e-01 7.66393432e-02 5.41806662e-01 4.96264005e-01
 4.11123005e-01 1.00000000e+00 1.00000000e+00 3.62079099e-01
 3.64894997e-01 1.00000000e+00 1.00000000e+00 5.04681741e-02
 1.00000000e+00 3.91436893e-02 1.00000000e+00 1.00000000e+00
 1.00000000e+00 1.00000000e+00 1.00000000e+00 1.00000000e+00
 1.00000000e+00 0.00000000e+00 1.00000000e+00 1.00000000e+00
 1.00000000e+00 1.00000000e+00 2.29309089e-02 2.82390784e-02
 1.00000000e+00 1.00000000e+00 1.00000000e+00 1.00000000e+00
 1.00000000e+00 1.00000000e+00 1.00000000e+00 7.07632528e-04
 1.00000000e+00 1.00000000e+00 1.00000000e+00 1.00000000e+00
 1.00000000e+00 1.00000000e+00 1.00000000e+00 2.41081857e-01
 1.00000000e+00 1.00000000e+00 1.00000000e+00 1.00000000e+00
 7.02101199e-02 0.00000000e+00 1.00000000e+00 3.58512961e-01
 1.00000000e+00 1.00000000e+00 1.00000000e+00 1.00000000e+00
 1.00000000e+00],[2, 39.61184405148611, 20.85735781387289, 39.67494133342148, 20.835337957369156, nan, nan, 1, 1, 2, 2, 1, 2, 1, 2, 2, 2, 2, 2, 2, 2, 1, 2, 2, 2, 2, 1, 1, 2, 2, 2, 2, 2, 2, 2, 1, 2, 2, 2, 2, 2, 2, 2, 1, 2, 2, 2, 2, 1, 1, 2, 1, 2, 2, 2, 2, 2]
20,[0.46689134 0.70929923 0.17604752 0.40933463 0.46201403 1.
 1.         1.         1.         1.         1.         1.
 0.13068131 1.         0.03169556 1.         1.         0.
 1.         0.24483483 1.         1.         1.         1.
 1.         0.00227454 1.         0.99999982 1.         1.
 1.         1.         1.         1.         1.         1.
 1.         1.         1.         1.         0.14057074 0.
 0.00601728 1.         1.         1.         1.         0.99999993
 1.         1.         1.         1.         0.         1.
 1.         0.20234719 1.        ],[2, 39.706974588362264, 20.79572834897765, 39.66187011033596, 20.843912962726538, nan, nan, 2, 2, 2, 2, 2, 1, 2, 1, 2, 2, 1, 2, 1, 2, 2, 2, 2, 2, 1, 2, 2, 2, 2, 2, 2, 2, 2, 2, 2, 2, 2, 2, 2, 1, 1, 1, 2, 2, 2, 2, 2, 2, 2, 2, 2, 1, 2, 2, 1, 2]
21,[3.99491606e-01 5.76119366e-02 5.40022914e-01 4.79366839e-01
 4.21028033e-01 1.00000000e+00 1.00000000e+00 1.83493219e-01
 4.14178686e-04 1.00000000e+00 1.00000000e+00 9.45202412e-02
 1.00000000e+00 1.00000000e+00 1.00000000e+00 1.00000000e+00
 1.00000000e+00 1.00000000e+00 1.00000000e+00 1.00000000e+00
 1.00000000e+00 1.71046705e-01 1.00000000e+00 1.00000000e+00
 1.00000000e+00 1.00000000e+00 1.00000000e+00 2.72031508e-01
 1.00000000e+00 1.00000000e+00 1.00000000e+00 1.00000000e+00
 1.00000000e+00 1.00000000e+00 1.00000000e+00 4.77613204e-01
 1.00000000e+00 1.00000000e+00 1.00000000e+00 1.00000000e+00
 1.00000000e+00 1.00000000e+00 1.00000000e+00 1.38831010e-01
 1.00000000e+00 1.00000000e+00 1.00000000e+00 1.00000000e+00
 4.35095517e-03 1.00000000e+00 1.00000000e+00 1.60258377e-01
 1.00000000e+00 1.00000000e+00 1.00000000e+00 1.00000000e+00
 1.00000000e+00],[2, 39.60898297645285, 20.857057256944536, 39.672400574175676, 20.8370069288487, nan, nan, 1, 1, 2, 2, 1, 2, 2, 2, 2, 2, 2, 2, 2, 2, 1, 2, 2, 2, 2, 2, 1, 2, 2, 2, 2, 2, 2, 2, 1, 2, 2, 2, 2, 2, 2, 2, 1, 2, 2, 2, 2, 1, 2, 2, 1, 2, 2, 2, 2, 2]
22,[0.46108239 0.13656484 0.51669873 0.48398055 0.41939731 1.
 1.         0.27176119 0.         1.         1.         0.05173288
 1.         0.00637549 1.         1.         1.         1.
 1.         1.         1.         0.20799229 1.         1.
 1.         1.         0.         0.15344035 0.         1.
 1.         1.         1.         1.         1.         0.09135686
 1.         1.         1.         1.         1.         1.
 1.         1.         0.99999963 1.         1.         1.
 1.         0.11638375 1.         1.         1.         1.
 1.         1.         1.        ],[2, 39.62085480882059, 20.853127192032012, 39.67309431982614, 20.836732156125127, nan, nan, 1, 1, 2, 2, 1, 2, 1, 2, 2, 2, 2, 2, 2, 2, 1, 2, 2, 2, 2, 1, 1, 1, 2, 2, 2, 2, 2, 2, 1, 2, 2, 2, 2, 2, 2, 2, 2, 2, 2, 2, 2, 2, 1, 2, 2, 2, 2, 2, 2, 2]
23,[0.51475444 0.04642492 0.54972089 0.47410781 0.42397047 1.
 1.         0.         1.         1.         1.         1.
 1.         1.         1.         1.         1.         1.
 1.         1.         1.         0.         1.         1.
 1.         1.         1.         0.44619261 1.         1.
 1.         1.         1.         1.         1.         0.21728419
 1.         1.         1.         1.         1.         1.
 1.         0.11171024 1.         1.         1.         1.
 0.         0.32067701 1.         0.21467656 1.         1.
 1.         1.         1.        ],[2, 39.6073008299726, 20.8586913400799, 39.67160979493738, 20.83750272193659, nan, nan, 1, 2, 2, 2, 2, 2, 2, 2, 2, 2, 2, 2, 2, 2, 1, 2, 2, 2, 2, 2, 1, 2, 2, 2, 2, 2, 2, 2, 1, 2, 2, 2, 2, 2, 2, 2, 1, 2, 2, 2, 2, 1, 1, 2, 1, 2, 2, 2, 2, 2]
24,[0.43442598 0.71392475 0.16730221 0.4144507  0.45997572 1.
 1.         1.         1.         1.         1.         1.
 1.         1.         0.31982267 1.         1.         0.
 1.         0.20462843 1.         1.         1.         1.
 1.         0.02349886 1.         1.         1.         1.
 1.         0.99999977 0.18999614 1.         1.         1.
 1.         1.         1.         1.         0.477533   0.06428909
 1.         1.         1.         1.         1.         1.
 1.         1.         1.         1.         0.22853699 1.
 1.         0.0036573  1.        ],[2, 39.70767010942662, 20.794254786616957, 39.66263939415681, 20.84356951214147, nan, nan, 2, 2, 2, 2, 2, 2, 2, 1, 2, 2, 1, 2, 1, 2, 2, 2, 2, 2, 1, 2, 2, 2, 2, 2, 2, 1, 2, 2, 2, 2, 2, 2, 2, 1, 1, 2, 2, 2, 2, 2, 2, 2, 2, 2, 2, 1, 2, 2, 1, 2]
25,[0.41412198 0.07389366 0.55266917 0.48472492 0.41587382 1.
 1.         0.         0.         1.         1.         0.
 1.         1.         1.         1.         1.         1.
 1.         1.         1.         0.17518236 1.         1.
 1.         1.         0.33501819 0.14892963 1.         1.
 1.         1.         1.         1.         1.         1.
 1.         1.         1.         1.         1.         1.
 1.         0.0759686  1.         1.         1.         1.
 0.03460769 0.47798207 1.         0.05630857 1.         1.
 1.         1.         1.        ],[2, 39.611431193531025, 20.859188118194908, 39.67320624782804, 20.83613845795345, nan, nan, 1, 1, 2, 2, 1, 2, 2, 2, 2, 2, 2, 2, 2, 2, 1, 2, 2, 2, 2, 1, 1, 2, 2, 2, 2, 2, 2, 2, 2, 2, 2, 2, 2, 2, 2, 2, 1, 2, 2, 2, 2, 1, 1, 2, 1, 2, 2, 2, 2, 2]
